935522.132601,1915822.204831,-2.025051,-26.512551
935522.611758,1915823.078617,1.050789,-0.124531
935523.130611,1915823.948145,1.066552,0.159432
935523.576453,1915824.826502,1.096698,-0.048006
935524.039641,1915825.719697,1.088380,-0.028998
935524.505703,1915826.601051,1.101739,0.078007
935524.941332,1915827.498776,1.114081,0.012535
935525.390081,1915828.400712,1.059105,-0.207383
935525.918503,1915829.239262,1.019205,0.068616
935526.435687,1915830.100076,1.054181,0.053323
935526.911549,1915830.987284,1.112095,0.111445
935527.324024,1915831.898632,1.144755,-0.015407
935527.737634,1915832.807403,1.120655,-0.064242
935528.187374,1915833.685341,1.070157,-0.096996
935528.698657,1915834.564154,1.056876,0.090477
935529.173546,1915835.432116,1.058358,-0.051791
935529.678052,1915836.305162,1.038455,-0.061679
935530.189483,1915837.156995,1.070244,0.190735
935530.635725,1915838.055445,1.086847,-0.157539
935531.116450,1915838.920797,1.089373,0.144659
935531.557980,1915839.820488,1.094778,-0.106214
935532.040157,1915840.712645,1.079071,0.052944
935532.503764,1915841.586194,1.064361,-0.078566
935533.002945,1915842.448527,1.046938,0.012863
935533.500264,1915843.311176,1.056655,-0.001438
935533.986333,1915844.189701,1.100860,0.184578
935534.408685,1915845.099266,1.083875,-0.260687
935534.924088,1915845.961442,1.049334,0.137546
935535.401860,1915846.827814,1.051445,-0.100284
935535.917670,1915847.699597,1.058980,0.100057
935536.385458,1915848.578615,1.086234,-0.020301
935536.848722,1915849.468265,1.106451,0.061907
935537.280717,1915850.365861,1.119137,-0.000869
935537.715629,1915851.255226,1.088693,-0.110800
935538.205408,1915852.133199,1.067383,0.034415
935538.686281,1915853.017679,1.086474,0.055266
935539.142319,1915853.913858,1.093458,-0.036086
935539.601768,1915854.787688,1.082164,-0.021189
935540.071686,1915855.662073,1.086892,0.033979
935540.537240,1915856.567513,1.102704,0.024311
935540.979489,1915857.457597,1.104397,-0.015006
935541.434107,1915858.348963,1.086142,-0.035802
935541.911611,1915859.227934,1.061807,-0.044513
935542.405541,1915860.089926,1.062619,0.049456
935542.885289,1915860.976050,1.084670,0.046473
935543.344319,1915861.866326,1.076068,-0.057463
935543.829487,1915862.726300,1.029439,-0.083674
935544.372408,1915863.576355,0.995193,0.020506
935544.923037,1915864.411502,0.964801,-0.085294
935545.503528,1915865.208783,0.941212,0.034197
935546.102639,1915866.030732,0.929127,-0.059195
935546.710431,1915866.824263,0.929060,0.032847
935547.291038,1915867.621116,0.968350,0.054180
935547.839280,1915868.465625,1.036341,0.090841
935548.311726,1915869.345357,1.127447,0.134805
935548.696322,1915870.270024,1.197894,0.044385
935549.040567,1915871.208142,1.210791,-0.039760
935549.403049,1915872.147591,1.188091,-0.037575
935549.789913,1915873.069714,1.161042,-0.019248
935550.199916,1915873.982299,1.131975,-0.056723
935550.633685,1915874.867662,1.118117,0.022561
935551.073698,1915875.778858,1.126268,0.025271
935551.498738,1915876.683680,1.124858,-0.015060
935551.934184,1915877.578810,1.100426,-0.083376
935552.405189,1915878.466759,1.103591,0.120651
935552.829822,1915879.353996,1.104429,-0.080664
935553.295343,1915880.235113,1.064930,-0.082792
935553.798071,1915881.102175,1.068405,0.103945
935554.259650,1915881.990114,1.098876,0.029292
935554.710435,1915882.889611,1.083788,-0.110234
935555.196873,1915883.760204,1.073620,0.075895
935555.664812,1915884.648251,1.081866,-0.016008
935556.141066,1915885.534934,1.065791,-0.036431
935556.629353,1915886.393082,1.044767,-0.023085
935557.139269,1915887.254283,1.037283,0.011809
935557.650271,1915888.121553,1.039259,0.004429
935558.152121,1915888.976853,1.038459,-0.030697
935558.658825,1915889.833796,1.059461,0.096143
935559.135012,1915890.728328,1.076529,-0.026522
935559.614823,1915891.607810,1.055291,-0.059452
935560.116330,1915892.460370,1.038819,-0.002860
935560.626038,1915893.325952,1.056585,0.066055
935561.105791,1915894.211813,1.080550,0.007282
935561.567360,1915895.089646,1.086199,0.003159
935562.032569,1915895.972135,1.073832,-0.045138
935562.517906,1915896.842328,1.060555,-0.009777
935563.014819,1915897.727245,1.074535,0.055782
935563.476800,1915898.613179,1.098049,-0.008343
935563.920542,1915899.498254,1.130635,0.047248
935564.324084,1915900.412138,1.197136,0.112409
935564.652873,1915901.365772,1.269907,0.061335
935564.919510,1915902.330668,1.323900,0.024258
935565.137646,1915903.289097,1.382557,0.079625
935565.291878,1915904.285060,1.454905,0.074210
935565.369361,1915905.279000,1.536511,0.099075
935565.360548,1915906.284201,1.615673,0.063710
935565.279709,1915907.276929,1.690691,0.075068
935565.122008,1915908.264819,1.771911,0.100795
935564.880675,1915909.234750,1.846934,0.047280
935564.575127,1915910.194877,1.918299,0.059512
935564.203015,1915911.105768,2.026160,0.192772
935563.698347,1915911.985819,2.125209,0.025740
935563.145298,1915912.814070,2.206266,0.100015
935562.510225,1915913.596919,2.303309,0.122991
935561.810206,1915914.298601,2.392643,0.037834
935561.054304,1915914.950436,2.490570,0.174228
935560.224012,1915915.507219,2.581822,0.044593
935559.353991,1915916.016007,2.630942,0.032959
935558.478693,1915916.485029,2.660993,0.023239
935557.590022,1915916.935738,2.674714,0.009075
935556.688453,1915917.387425,2.666876,-0.048767
935555.818424,1915917.846131,2.661003,-0.001478
935554.926019,1915918.306241,2.695740,0.139989
935553.998464,1915918.716172,2.700112,-0.096942
935553.116912,1915919.161175,2.637874,-0.168073
935552.254200,1915919.677230,2.652836,0.239345
935551.359300,1915920.096086,2.704487,-0.046468
935550.452264,1915920.519193,2.702540,0.042912
935549.534590,1915920.953121,2.645261,-0.233559
935548.694977,1915921.470567,2.603693,0.083791
935547.822658,1915921.974420,2.648270,0.114175
935546.940376,1915922.414104,2.673704,-0.091412
935546.044126,1915922.873022,2.707354,0.254048
935545.129158,1915923.254451,2.654647,-0.472646
935544.285317,1915923.803700,2.630098,0.361577
935543.390666,1915924.230620,2.690073,-0.084780
935542.482277,1915924.678037,2.677834,0.009897
935541.593400,1915925.129538,2.642748,-0.101351
935540.731948,1915925.631510,2.606081,-0.005663
935539.871067,1915926.151430,2.601773,0.018956
935539.017608,1915926.658726,2.607599,0.017412
935538.153624,1915927.166981,2.598598,-0.005165
935537.311435,1915927.688461,2.544477,-0.152421
935536.510113,1915928.284234,2.495741,0.010713
935535.711306,1915928.894399,2.494257,0.063828
935534.908243,1915929.495382,2.460911,-0.130689
935534.152163,1915930.156847,2.396197,-0.031938
935533.447935,1915930.843251,2.331376,-0.114934
935532.776259,1915931.602602,2.288721,0.036638
935532.131036,1915932.351070,2.256647,-0.040967
935531.514287,1915933.144643,2.177255,-0.143342
935530.989718,1915933.996217,2.073759,-0.079213
935530.548729,1915934.899559,1.961057,-0.164210
935530.232658,1915935.836165,1.850184,-0.077974
935530.001768,1915936.805705,1.764413,-0.072682
935529.847077,1915937.802290,1.682663,-0.100184
935529.777762,1915938.798792,1.610601,-0.017119
935529.767741,1915939.794390,1.521244,-0.181058
935529.876056,1915940.784428,1.433659,-0.029145
935530.041659,1915941.779721,1.382291,-0.031449
935530.252553,1915942.758116,1.322096,-0.085581
935530.530320,1915943.704195,1.248601,-0.073300
935530.885907,1915944.655604,1.178460,-0.104290
935531.297651,1915945.558965,1.142796,0.030203
935531.713504,1915946.469725,1.146990,0.004474
935532.119738,1915947.381205,1.165191,0.088280
935532.500360,1915948.301778,1.140353,-0.170157
935532.951765,1915949.193659,1.105504,0.069556
935533.398485,1915950.090556,1.089762,-0.070768
935533.876681,1915950.965908,1.063020,-0.028944
935534.370441,1915951.837418,1.071984,0.068041
935534.834196,1915952.723472,1.094856,-0.000573
935535.284363,1915953.610417,1.110051,0.039945
935535.727903,1915954.523803,1.107856,-0.044282
935536.182101,1915955.409137,1.088387,-0.016877
935536.651449,1915956.287433,1.074677,-0.012180
935537.134077,1915957.167945,1.068410,-0.006795
935537.611701,1915958.035278,1.075948,0.070062
935538.079803,1915958.920263,1.049076,-0.155325
935538.609386,1915959.771151,1.020621,0.039756
935539.125641,1915960.625431,1.048690,0.068021
935539.607729,1915961.506180,1.080837,0.045143
935540.069810,1915962.395545,1.067961,-0.114892
935540.570546,1915963.257024,1.053881,0.043879
935541.058657,1915964.135020,1.081460,0.056425
935541.512537,1915965.025776,1.106055,0.040285
935541.954089,1915965.920794,1.079843,-0.148191
935542.451691,1915966.782796,1.058098,0.079670
935542.932269,1915967.658420,1.064588,0.010138
935543.418055,1915968.525787,1.022513,-0.071129
935543.974161,1915969.364357,0.909551,-0.205617
935544.639281,1915970.095565,0.768249,-0.096436
935545.406707,1915970.748718,0.621562,-0.216943
935546.260535,1915971.257089,0.478234,-0.087579
935547.182303,1915971.669253,0.357483,-0.114992
935548.124789,1915971.953540,0.208457,-0.192125
935549.117162,1915972.078713,0.046254,-0.172935
935550.123618,1915972.046251,-0.096352,-0.129402
935551.103256,1915971.886911,-0.212312,-0.100153
935552.081201,1915971.624406,-0.300078,-0.085708
935553.012169,1915971.296375,-0.356998,0.021497
935553.940167,1915970.931010,-0.429143,-0.209904
935554.840744,1915970.459917,-0.467763,0.083583
935555.733699,1915970.024996,-0.425846,0.128638
935556.651067,1915969.638557,-0.433048,-0.141083
935557.546951,1915969.186803,-0.489549,-0.054688
935558.419450,1915968.696445,-0.513805,0.016053
935559.284596,1915968.206144,-0.515857,-0.017931
935560.148763,1915967.715841,-0.497377,0.078253
935561.042807,1915967.251515,-0.482852,-0.029962
935561.919731,1915966.787437,-0.490792,-0.032682
935562.812533,1915966.305829,-0.474027,0.078280
935563.704780,1915965.871557,-0.443868,0.027581
935564.605646,1915965.453112,-0.446873,-0.043929
935565.503248,1915965.009747,-0.472443,-0.046703
935566.384525,1915964.544101,-0.481392,0.045046
935567.287279,1915964.077750,-0.490594,-0.070956
935568.160092,1915963.595769,-0.492474,0.063781
935569.035034,1915963.139900,-0.481256,0.012144
935569.925326,1915962.673889,-0.510543,-0.108524
935570.794155,1915962.154791,-0.541110,0.053216
935571.635141,1915961.646322,-0.579346,-0.144005
935572.454489,1915961.068722,-0.608762,0.051083
935573.275768,1915960.502662,-0.599124,-0.017547
935574.104931,1915959.941766,-0.564717,0.091684
935574.967449,1915959.430828,-0.511100,0.027491
935575.848824,1915958.963761,-0.449798,0.151129
935576.765744,1915958.562379,-0.437587,-0.163314
935577.667422,1915958.113126,-0.434341,0.126036
935578.586629,1915957.717594,-0.396332,0.038575
935579.511988,1915957.341118,-0.413119,-0.098401
935580.415898,1915956.915820,-0.458846,-0.064058
935581.298071,1915956.458888,-0.463300,0.073044
935582.197954,1915956.025511,-0.444757,-0.032792
935583.105326,1915955.597601,-0.405368,0.069951
935584.027848,1915955.240234,-0.300228,0.203084
935584.999258,1915955.011059,-0.193582,0.047040
935585.987864,1915954.855918,-0.118983,0.093272
935586.988740,1915954.773105,-0.066999,-0.026809
935587.994357,1915954.721327,0.001998,0.120843
935588.983502,1915954.777033,0.135464,0.217062
935589.969524,1915954.990310,0.257414,0.059761
935590.910823,1915955.284314,0.345721,0.092365
935591.849131,1915955.667208,0.419776,0.014964
935592.743342,1915956.102193,0.527896,0.201489
935593.567223,1915956.668825,0.669513,0.149359
935594.301256,1915957.335000,0.783987,0.095633
935594.973946,1915958.071391,0.855159,0.018863
935595.616852,1915958.848211,0.912066,0.077437
935596.201303,1915959.656857,0.975127,0.062368
935596.737693,1915960.501734,1.029279,0.070660
935597.234758,1915961.374801,1.048737,-0.072888
935597.737252,1915962.239356,1.076144,0.116000
935598.178867,1915963.124966,1.124886,0.039525
935598.594057,1915964.031580,1.136190,-0.038724
935599.026164,1915964.950277,1.133068,0.027876
935599.444621,1915965.848901,1.119507,-0.062485
935599.894823,1915966.742772,1.103349,0.001433
935600.350395,1915967.643427,1.113277,0.040118
935600.775292,1915968.530943,1.128858,0.009421
935601.198101,1915969.434992,1.130743,0.009846
935601.626482,1915970.338640,1.103076,-0.106066
935602.099097,1915971.219044,1.087026,0.060029
935602.559585,1915972.114509,1.095957,0.000613
935603.019961,1915973.010328,1.087101,-0.002491
935603.493421,1915973.892106,1.043759,-0.151389
935604.020253,1915974.729567,1.031916,0.105127
935604.520084,1915975.609094,1.073008,0.043431
935604.980068,1915976.495651,1.103161,0.028360
935605.416970,1915977.385009,1.110333,-0.027678
935605.862640,1915978.274978,1.107986,-0.011196
935606.313025,1915979.180955,1.129800,0.107278
935606.721673,1915980.094651,1.122952,-0.132518
935607.176561,1915980.978757,1.097696,0.041404
935607.629903,1915981.868940,1.094536,-0.010149
935608.094159,1915982.757495,1.076053,-0.053045
935608.575602,1915983.622002,1.067902,0.013981
935609.056509,1915984.507049,1.093147,0.088676
935609.497245,1915985.402285,1.099816,-0.066049
935609.966374,1915986.293986,1.078555,-0.010931
935610.441087,1915987.162334,1.063273,-0.032756
935610.937335,1915988.040077,1.068179,0.073779
935611.405282,1915988.916180,1.061514,-0.096754
935611.906255,1915989.775387,1.052373,0.047357
935612.395754,1915990.652379,1.070504,0.032983
935612.868173,1915991.534840,1.072376,-0.042526
935613.355187,1915992.415306,1.071824,0.042811
935613.825217,1915993.290886,1.067487,-0.035855
935614.316422,1915994.161110,1.043581,-0.056755
935614.831151,1915995.018915,1.044440,0.055222
935615.326841,1915995.900058,1.072217,0.060908
935615.790379,1915996.780517,1.066719,-0.082602
935616.283982,1915997.635359,1.036942,-0.017430
935616.800756,1915998.489880,1.023585,-0.019147
935617.327327,1915999.347883,1.036191,0.042794
935617.819072,1916000.209630,1.076561,0.095028
935618.275827,1916001.107877,1.085588,-0.085487
935618.759761,1916001.993914,1.073725,0.035306
935619.228941,1916002.864688,1.067293,-0.055293
935619.720634,1916003.738370,1.073790,0.065390
935620.180936,1916004.619670,1.096005,0.027799
935620.633071,1916005.513377,1.084833,-0.074303
935621.117345,1916006.392594,1.065415,0.011476
935621.606141,1916007.272021,1.061939,0.001194
935622.088357,1916008.133187,1.054640,-0.025408
935622.592715,1916009.010637,1.053557,0.008343
935623.076478,1916009.870102,1.073505,0.070459
935623.543104,1916010.761381,1.074305,-0.063700
935624.029137,1916011.628655,1.051718,-0.025813
935624.541172,1916012.508371,1.051329,0.065613
935625.029670,1916013.378110,1.031440,-0.126162
935625.564260,1916014.217879,1.012005,0.050188
935626.085955,1916015.067422,1.030060,0.018766
935626.588824,1916015.924232,1.052603,0.053928
935627.071581,1916016.795933,1.051629,-0.067534
935627.579596,1916017.658110,1.039662,-0.005651
935628.087794,1916018.525915,1.065923,0.089224
935628.546007,1916019.406637,1.100318,0.010713
935628.996205,1916020.312054,1.110461,0.005626
935629.437776,1916021.204988,1.101089,-0.045981
935629.902831,1916022.098272,1.093836,0.022197
935630.357584,1916022.984940,1.097737,-0.004536
935630.815902,1916023.882252,1.103282,0.012153
935631.257501,1916024.767495,1.114233,0.030450
935631.690928,1916025.663641,1.109148,-0.054157
935632.149421,1916026.560407,1.102224,0.022312
935632.599113,1916027.457850,1.111157,0.024762
935633.035072,1916028.349519,1.106943,-0.040899
935633.490653,1916029.240091,1.097356,-0.019264
935633.950538,1916030.136605,1.123171,0.106277
935634.358432,1916031.047229,1.149319,-0.020489
935634.765617,1916031.954541,1.141582,-0.026318
935635.190520,1916032.865376,1.131337,-0.016184
935635.615668,1916033.762779,1.140128,0.057864
935636.023988,1916034.679358,1.143482,-0.027865
935636.443625,1916035.580964,1.118205,-0.080697
935636.896554,1916036.474071,1.123187,0.100062
935637.306060,1916037.377109,1.149090,0.005704
935637.713626,1916038.295275,1.141912,-0.034634
935638.145395,1916039.212684,1.117250,-0.043619
935638.587984,1916040.089186,1.102482,0.034003
935639.043405,1916040.987851,1.079286,-0.099484
935639.536650,1916041.861535,1.067277,0.056009
935640.012019,1916042.746099,1.086226,0.009232
935640.468053,1916043.630793,1.109057,0.024303
935640.901608,1916044.533778,1.146920,0.098911
935641.291010,1916045.454283,1.152581,-0.066144
935641.710609,1916046.354103,1.104507,-0.133623
935642.190903,1916047.242656,1.108439,0.148543
935642.606806,1916048.152054,1.155397,0.018623
935642.996768,1916049.069623,1.171270,0.001298
935643.379309,1916049.981557,1.167633,-0.043079
935643.780154,1916050.906432,1.179316,0.080687
935644.143010,1916051.831459,1.192659,-0.046241
935644.517712,1916052.763175,1.199674,0.040775
935644.868292,1916053.695117,1.219759,0.032889
935645.202572,1916054.633180,1.219329,-0.021766
935645.558543,1916055.577458,1.186927,-0.085323
935645.951788,1916056.488354,1.163326,0.013970
935646.351213,1916057.413980,1.173946,0.036580
935646.729266,1916058.343446,1.189696,0.002833
935647.092175,1916059.263184,1.202598,0.048808
935647.446724,1916060.202932,1.186169,-0.111100
935647.847350,1916061.129094,1.171558,0.049170
935648.220871,1916062.037821,1.192500,0.015541
935648.585973,1916062.987539,1.224678,0.077312
935648.900180,1916063.921189,1.242129,-0.033577
935649.229032,1916064.873164,1.234157,0.015972
935649.563465,1916065.816385,1.201802,-0.112213
935649.951424,1916066.741559,1.177471,0.039537
935650.329695,1916067.662937,1.184730,-0.008459
935650.705210,1916068.596118,1.207174,0.063804
935651.043092,1916069.537449,1.235067,-0.003819
935651.358244,1916070.467620,1.264818,0.062037
935651.640173,1916071.427356,1.295915,0.056588
935651.902586,1916072.397362,1.272894,-0.165624
935652.229019,1916073.345775,1.259860,0.113422
935652.514198,1916074.300310,1.283342,-0.006274
935652.796003,1916075.263518,1.282976,-0.045652
935653.080789,1916076.214467,1.310243,0.153976
935653.309054,1916077.187142,1.310696,-0.150775
935653.597482,1916078.156477,1.285986,0.047835
935653.875123,1916079.120567,1.288743,-0.013896
935654.151090,1916080.066966,1.289331,0.004523
935654.430388,1916081.040973,1.297949,0.005514
935654.689046,1916081.989469,1.322786,0.061708
935654.919344,1916082.971634,1.343961,0.014448
935655.141753,1916083.950652,1.329213,-0.100910
935655.396554,1916084.908900,1.335016,0.134852
935655.607952,1916085.890550,1.338105,-0.117586
935655.857971,1916086.856398,1.328819,0.056112
935656.087759,1916087.834452,1.350052,0.006118
935656.296636,1916088.811241,1.383064,0.086453
935656.459064,1916089.788469,1.401533,-0.050767
935656.631933,1916090.773428,1.406847,0.050827
935656.786518,1916091.767490,1.408476,-0.063722
935656.956937,1916092.758539,1.423134,0.058278
935657.081173,1916093.748354,1.486528,0.141578
935657.125027,1916094.746546,1.524884,-0.040247
935657.172765,1916095.741696,1.514405,-0.031190
935657.237511,1916096.739722,1.505591,-0.001215
935657.302732,1916097.732315,1.512837,0.044794
935657.353929,1916098.745070,1.506277,-0.066218
935657.431402,1916099.724766,1.493877,-0.003733
935657.507113,1916100.733209,1.521776,0.105308
935657.529854,1916101.729295,1.544615,-0.032492
935657.559458,1916102.732083,1.534188,-0.034145
935657.602726,1916103.720255,1.536014,0.032315
935657.628741,1916104.722759,1.555105,0.040246
935657.634253,1916105.725586,1.557115,-0.043878
935657.656035,1916106.720228,1.549909,0.002801
935657.675847,1916107.717340,1.560375,0.038845
935657.676936,1916108.721758,1.567514,-0.028680
935657.682405,1916109.724310,1.575695,0.053046
935657.667216,1916110.718168,1.576700,-0.052065
935657.670528,1916111.728225,1.572309,0.037427
935657.664208,1916112.732685,1.567708,-0.044432
935657.676656,1916113.725664,1.560096,0.008086
935657.685561,1916114.729155,1.570832,0.022574
935657.676597,1916115.715926,1.591157,0.052037
935657.645079,1916116.720860,1.585877,-0.058968
935657.646176,1916117.730824,1.552897,-0.060906
935657.680812,1916118.721885,1.545455,0.044598
935657.696685,1916119.722889,1.565813,0.033555
935657.690833,1916120.723924,1.577074,0.004309
935657.684157,1916121.723182,1.563695,-0.042123
935657.704957,1916122.716776,1.536687,-0.056133
935657.752579,1916123.730983,1.541942,0.082864
935657.762958,1916124.723984,1.563094,-0.001104
935657.767963,1916125.725030,1.558996,-0.029753
935657.786618,1916126.731124,1.552356,0.008456
935657.804753,1916127.719754,1.551411,0.002247
935657.825164,1916128.718830,1.544110,-0.019421
935657.857988,1916129.714722,1.533002,-0.000213
935657.901027,1916130.724986,1.515227,-0.020697
935657.969271,1916131.715219,1.475083,-0.095262
935658.091138,1916132.706298,1.449681,0.046294
935658.210421,1916133.696274,1.436108,-0.059348
935658.359780,1916134.689195,1.420917,0.004777
935658.508877,1916135.672772,1.428016,0.048290
935658.644756,1916136.671052,1.417660,-0.101317
935658.815066,1916137.657345,1.422895,0.097349
935658.940487,1916138.655505,1.458375,0.001297
935659.038634,1916139.637640,1.497303,0.096949
935659.086870,1916140.642134,1.516684,-0.044380
935659.146493,1916141.629187,1.504640,0.009396
935659.219275,1916142.640174,1.472724,-0.101700
935659.342848,1916143.626027,1.447758,0.040207
935659.464495,1916144.622977,1.442598,-0.022923
935659.598642,1916145.610501,1.430015,-0.010346
935659.745685,1916146.607195,1.418631,-0.023390
935659.902936,1916147.595029,1.418927,0.026917
935660.046885,1916148.575094,1.428371,0.031320
935660.186974,1916149.575390,1.407447,-0.115421
935660.372525,1916150.551625,1.397810,0.074710
935660.529888,1916151.537654,1.421709,0.007255
935660.669590,1916152.529344,1.445351,0.012860
935660.779895,1916153.520258,1.496481,0.133683
935660.818246,1916154.523952,1.529542,-0.062583
935660.862162,1916155.514267,1.541035,0.072631
935660.877428,1916156.509228,1.543800,-0.061094
935660.916171,1916157.516164,1.533111,0.005717
935660.953176,1916158.518673,1.542717,0.014452
935660.972237,1916159.512492,1.571847,0.082612
935660.951177,1916160.518722,1.580505,-0.076678
935660.952727,1916161.514960,1.581017,0.056715
935660.930753,1916162.521302,1.594018,-0.002058
935660.906129,1916163.521851,1.591196,-0.007915
935660.890156,1916164.511284,1.576745,-0.033253
935660.894237,1916165.515437,1.563685,-0.022851
935660.904369,1916166.517363,1.581398,0.080601
935660.873126,1916167.513311,1.607862,-0.003757
935660.830517,1916168.509190,1.619279,0.018776
935660.776329,1916169.508825,1.623210,-0.014473
935660.725029,1916170.519755,1.623767,0.002709
935660.670225,1916171.509892,1.633986,0.044788
935660.599004,1916172.512494,1.626188,-0.073495
935660.559317,1916173.508858,1.613988,0.025454
935660.513119,1916174.499847,1.621326,0.017241
935660.458694,1916175.499040,1.620279,-0.052898
935660.413929,1916176.501151,1.645324,0.151568
935660.310238,1916177.489643,1.648215,-0.112037
935660.258971,1916178.497968,1.596636,-0.129823
935660.258074,1916179.499666,1.629234,0.150081
935660.143227,1916180.476616,1.796837,0.312473
935659.813380,1916181.434728,1.964909,0.126433
935659.373296,1916182.328524,2.051758,0.045724
935658.892467,1916183.199761,2.059052,-0.062681
935658.438775,1916184.087926,2.018367,-0.048111
935658.025203,1916185.006257,1.959477,-0.111934
935657.681260,1916185.937368,1.922180,0.080174
935657.338814,1916186.878872,1.864699,-0.149918
935657.104674,1916187.842095,1.740474,-0.205660
935657.000451,1916188.852367,1.661711,0.034039
935656.923078,1916189.833825,1.633827,-0.063013
935656.874776,1916190.842185,1.632471,0.075351
935656.799565,1916191.835007,1.641345,-0.006369
935656.734397,1916192.829190,1.608418,-0.108607
935656.724155,1916193.835373,1.583985,0.033416
935656.707896,1916194.838473,1.593191,0.041667
935656.679524,1916195.830770,1.579306,-0.077348
935656.690880,1916196.830762,1.550554,-0.015911
935656.720030,1916197.833343,1.542182,-0.005058
935656.748031,1916198.828565,1.558307,0.060575
935656.744988,1916199.826972,1.575399,-0.006129
935656.738862,1916200.823717,1.573436,-0.019415
935656.739645,1916201.842758,1.574554,0.024279
935656.731359,1916202.826628,1.576754,-0.019280
935656.727717,1916203.841548,1.579274,0.015113
935656.714274,1916204.842389,1.591448,0.031210
935656.686566,1916205.836015,1.591027,-0.040734
935656.673916,1916206.835154,1.586414,0.011102
935656.655368,1916207.833124,1.597724,0.025488
935656.620387,1916208.823382,1.611148,0.021415
935656.574699,1916209.832173,1.606421,-0.034478
935656.549213,1916210.819913,1.586921,-0.023874
935656.542445,1916211.830379,1.573069,-0.030235
935656.544594,1916212.824985,1.590751,0.091668
935656.502518,1916213.835405,1.612144,-0.000178
935656.461758,1916214.828291,1.589229,-0.103620
935656.465653,1916215.828809,1.581109,0.095940
935656.441187,1916216.831891,1.577493,-0.100700
935656.452214,1916217.820340,1.575183,0.082409
935656.432503,1916218.826878,1.587111,-0.033253
935656.419321,1916219.834789,1.589246,0.040752
935656.395603,1916220.829558,1.578590,-0.056879
935656.403782,1916221.823746,1.549555,-0.052774
935656.437823,1916222.820926,1.553889,0.073620
935656.437537,1916223.816986,1.579228,0.005046
935656.421026,1916224.814362,1.597471,0.048334
935656.384193,1916225.819005,1.591225,-0.077021
935656.379955,1916226.821101,1.577472,0.019328
935656.370813,1916227.822928,1.586561,0.019431
935656.348522,1916228.815848,1.598410,0.017665
935656.315691,1916229.819659,1.599541,-0.019862
935656.290861,1916230.820789,1.594405,0.007380
935656.268293,1916231.827371,1.585136,-0.043504
935656.262175,1916232.817242,1.588768,0.036883
935656.232386,1916233.825639,1.618727,0.067184
935656.166500,1916234.813569,1.632672,-0.068639
935656.108689,1916235.820871,1.659627,0.119652
935655.989268,1916236.804653,1.703582,0.045130
935655.844299,1916237.801076,1.685152,-0.123563
935655.760408,1916238.796312,1.645823,-0.070591
935655.695354,1916239.780388,1.701681,0.217566
935655.502037,1916240.760242,1.816629,0.095129
935655.210243,1916241.714268,1.914009,0.071229
935654.831283,1916242.637408,2.024056,0.171822
935654.334629,1916243.512358,2.123964,0.063402
935653.781264,1916244.338120,2.182837,0.036522
935653.186411,1916245.148195,2.216360,0.007007
935652.573869,1916245.941092,2.249567,0.052344
935651.929050,1916246.707049,2.289985,0.019596
935651.261029,1916247.440402,2.347262,0.074007
935650.537830,1916248.123399,2.441688,0.126835
935649.733324,1916248.727051,2.561534,0.164186
935648.869524,1916249.216778,2.661676,0.058072
935647.949861,1916249.655469,2.716165,-0.008944
935647.036200,1916250.047423,2.791268,0.140348
935646.079663,1916250.338942,2.904084,0.157876
935645.102859,1916250.515635,2.984709,0.045087
935644.101988,1916250.651899,2.990540,-0.109250
935643.128829,1916250.815996,2.998176,0.088011
935642.131744,1916250.936468,3.042943,0.031074
935641.128787,1916251.013963,3.097674,0.141050
935640.132848,1916251.024506,3.100977,-0.197750
935639.148233,1916251.094245,3.113825,0.194703
935638.134197,1916251.080180,-3.123578,-0.018025
935637.144871,1916251.058180,-3.125507,-0.051779
935636.146506,1916251.048136,-3.109230,0.080585
935635.138419,1916250.993285,-3.073650,0.019414
935634.145056,1916250.911971,-3.046516,0.079183
935633.157994,1916250.804555,-3.072193,-0.162982
935632.146800,1916250.772923,-3.114862,0.007931
935631.152660,1916250.750896,-3.107837,-0.016530
935630.159299,1916250.705720,-3.028853,0.131146
935629.168888,1916250.526310,-2.832761,0.401508
935628.272168,1916250.104066,-2.638459,0.102816
935627.432932,1916249.571118,-2.556585,0.033087
935626.610046,1916249.003296,-2.556283,-0.070467
935625.761050,1916248.462987,-2.597984,-0.001648
935624.887323,1916247.962238,-2.695510,-0.227284
935623.970442,1916247.606444,-2.823178,-0.111786
935623.001384,1916247.340394,-2.889971,0.047597
935622.025739,1916247.106585,-2.971411,-0.222647
935621.034491,1916247.002176,-3.058732,-0.011807
935620.031733,1916246.940914,-3.091724,-0.018374
935619.043273,1916246.902759,-3.107914,-0.033285
935618.043925,1916246.873872,-3.086958,0.168752
935617.048088,1916246.793869,-3.122708,-0.283518
935616.047194,1916246.835890,3.112122,0.099446
935615.057262,1916246.852582,3.137362,-0.005610
935614.048249,1916246.844312,-3.090764,0.174407
935613.054780,1916246.750911,-3.063040,-0.087306
935612.053094,1916246.687236,-3.095028,-0.063504
935611.059765,1916246.657857,-3.100507,0.056968
935610.070689,1916246.605775,-3.082591,0.030232
935609.067402,1916246.540225,-3.092811,-0.063351
935608.054495,1916246.507292,-3.116761,-0.015262
935607.059990,1916246.490336,-3.124376,0.017662
935606.057052,1916246.472919,-3.133283,-0.045855
935605.063876,1916246.473694,-3.132732,0.013507
935604.073294,1916246.455313,-3.089260,0.132279
935603.078872,1916246.369866,-3.062739,-0.058577
935602.075375,1916246.297417,-3.070770,0.000549
935601.083253,1916246.228287,-3.070421,0.011667
935600.084229,1916246.155481,-3.073502,-0.039653
935599.085375,1916246.091982,-3.058346,0.053811
935598.095240,1916245.989539,-3.008331,0.064004
935597.106877,1916245.826799,-2.941251,0.088031
935596.136548,1916245.591885,-2.873406,0.069160
935595.178150,1916245.296866,-2.826959,0.005052
935594.223873,1916244.969425,-2.782455,0.067663
935593.308423,1916244.594988,-2.721257,0.022625
935592.398715,1916244.153602,-2.615278,0.171196
935591.570162,1916243.585221,-2.439558,0.300704
935590.885982,1916242.874612,-2.304322,-0.066723
935590.232271,1916242.100706,-2.175203,0.179392
935589.757362,1916241.240453,-1.878464,0.608535
935589.645189,1916240.255014,-1.581884,0.200633
935589.735004,1916239.256112,-1.455965,0.022920
935589.874536,1916238.265298,-1.452804,-0.104235
935589.971110,1916237.264990,-1.482512,0.012148
935590.050044,1916236.282345,-1.512876,-0.071322
935590.086851,1916235.270161,-1.542736,-0.005381
935590.106661,1916234.265969,-1.557456,-0.015703
935590.113634,1916233.264273,-1.565483,-0.026426
935590.117287,1916232.277402,-1.540611,0.098423
935590.173523,1916231.277979,-1.505837,0.022948
935590.247051,1916230.281620,-1.510916,-0.043042
935590.293752,1916229.272799,-1.545263,-0.076742
935590.298384,1916228.275493,-1.558472,0.047915
935590.318157,1916227.290749,-1.546688,0.002645
935590.346444,1916226.282208,-1.536683,0.033684
935590.386233,1916225.294421,-1.544130,-0.079158
935590.399812,1916224.284856,-1.537722,0.099365
935590.452462,1916223.289827,-1.525771,-0.042536
935590.489646,1916222.291326,-1.542016,-0.048825
935590.509935,1916221.296167,-1.527514,0.154390
935590.576219,1916220.287687,-1.561233,-0.258818
935590.529325,1916219.294514,-1.607902,0.046803
935590.502675,1916218.304891,-1.546549,0.192430
935590.577600,1916217.295569,-1.496986,-0.040380
935590.650683,1916216.303002,-1.507906,-0.041206
935590.703513,1916215.296753,-1.518773,0.030709
935590.755139,1916214.296117,-1.541602,-0.076497
935590.761592,1916213.310071,-1.577316,-0.041602
935590.742247,1916212.307141,-1.578112,0.054381
935590.746938,1916211.311690,-1.559472,-0.002305
935590.764844,1916210.312472,-1.536224,0.067330
935590.816239,1916209.305536,-1.528037,-0.046989
935590.850498,1916208.311187,-1.538459,0.020397
935590.880892,1916207.305918,-1.561313,-0.091357
935590.869559,1916206.312210,-1.571884,0.037442
935590.878721,1916205.303469,-1.536980,0.090061
935590.937032,1916204.314678,-1.512403,-0.007251
935590.994410,1916203.323858,-1.533149,-0.083621
935591.012476,1916202.314022,-1.548773,0.087007
935591.038562,1916201.313965,-1.596237,-0.235944
935590.961869,1916200.315032,-1.620996,0.140877
935590.938463,1916199.323055,-1.577721,0.060236
935590.947909,1916198.314481,-1.582041,-0.110721
935590.916099,1916197.324985,-1.592009,0.042520
935590.905523,1916196.316611,-1.559442,0.065740
935590.938671,1916195.331488,-1.524848,0.044204
935590.996638,1916194.333171,-1.530563,-0.074107
935591.019008,1916193.337118,-1.557313,-0.020166
935591.023682,1916192.330596,-1.564154,0.005605
935591.032371,1916191.327523,-1.550647,0.063065
935591.063961,1916190.327589,-1.558690,-0.112033
935591.056702,1916189.328009,-1.555097,0.134981
935591.095200,1916188.329072,-1.556557,-0.128938
935591.085284,1916187.329017,-1.571325,0.073942
935591.094086,1916186.337372,-1.573821,-0.058139
935591.079263,1916185.321294,-1.583238,-0.001668
935591.069138,1916184.329424,-1.558456,0.082796
935591.103664,1916183.337645,-1.531417,0.006594
935591.148022,1916182.326255,-1.537564,-0.051684
935591.170010,1916181.343494,-1.543874,0.045869
935591.201822,1916180.326434,-1.557280,-0.089579
935591.197336,1916179.329481,-1.560727,0.085283
935591.221800,1916178.334900,-1.554994,-0.064074
935591.228827,1916177.340868,-1.549368,0.074037
935591.264523,1916176.338013,-1.543479,-0.034813
935591.283577,1916175.337390,-1.564314,-0.019643
935591.277470,1916174.341542,-1.599173,-0.116002
935591.226797,1916173.331019,-1.580039,0.175413
935591.258825,1916172.339640,-1.527345,0.000632
935591.313631,1916171.332963,-1.514279,-0.028702
935591.372024,1916170.339645,-1.485433,0.157590
935591.483027,1916169.350916,-1.511831,-0.249029
935591.489291,1916168.357081,-1.554719,0.065969
935591.515029,1916167.361452,-1.518730,0.089425
935591.593017,1916166.364900,-1.487193,-0.009622
935591.681894,1916165.370052,-1.476393,0.032529
935591.781874,1916164.369713,-1.488161,-0.025344
935591.847253,1916163.373191,-1.553207,-0.194250
935591.817488,1916162.358612,-1.577650,0.135547
935591.833365,1916161.359895,-1.553856,-0.044170
935591.851162,1916160.373732,-1.527425,0.115310
935591.919235,1916159.378276,-1.517879,-0.088037
935591.956793,1916158.380686,-1.530979,0.035281
935591.999178,1916157.370752,-1.540881,-0.068806
935592.016809,1916156.377913,-1.534520,0.080043
935592.071523,1916155.375656,-1.510347,0.015422
935592.137740,1916154.379079,-1.514418,-0.031042
935592.184386,1916153.376110,-1.538827,-0.043178
935592.201730,1916152.379642,-1.558761,-0.011812
935592.208525,1916151.373149,-1.558772,0.004528
935592.225861,1916150.374852,-1.531393,0.118706
935592.286988,1916149.378847,-1.545637,-0.186869
935592.276201,1916148.381752,-1.561414,0.127452
935592.305604,1916147.383951,-1.551736,-0.048522
935592.314454,1916146.375877,-1.575234,-0.052317
935592.296792,1916145.382043,-1.578585,0.052469
935592.298938,1916144.388724,-1.567659,-0.016530
935592.303082,1916143.382681,-1.555896,0.070558
935592.328566,1916142.393825,-1.573246,-0.148843
935592.298365,1916141.389981,-1.574926,0.089341
935592.320211,1916140.376491,-1.508406,0.133802
935592.423270,1916139.388077,-1.461513,-0.029185
935592.536202,1916138.407901,-1.447431,-0.008927
935592.668664,1916137.409354,-1.401254,0.156163
935592.874320,1916136.431691,-1.377401,-0.126792
935593.054763,1916135.438521,-1.356886,0.127096
935593.298371,1916134.479229,-1.296841,0.050824
935593.593149,1916133.522440,-1.257601,0.017573
935593.913182,1916132.580727,-1.227749,0.065108
935594.265352,1916131.640116,-1.231072,-0.173796
935594.584295,1916130.682595,-1.161562,0.340552
935595.055069,1916129.818613,-1.037332,0.007891
935595.600780,1916128.961318,-0.963926,0.096195
935596.193832,1916128.178218,-0.889046,0.068703
935596.850551,1916127.421219,-0.833385,0.015898
935597.538170,1916126.698240,-0.766991,0.119034
935598.293525,1916126.030255,-0.693264,0.074675
935599.077344,1916125.419290,-0.655562,-0.048692
935599.870407,1916124.817679,-0.606186,0.122280
935600.729316,1916124.273938,-0.524801,0.070424
935601.614853,1916123.807650,-0.435957,0.118641
935602.531009,1916123.434485,-0.349615,0.083273
935603.488525,1916123.124400,-0.297636,0.004951
935604.439813,1916122.848941,-0.260962,0.045310
935605.407063,1916122.612012,-0.217723,0.041913
935606.397811,1916122.415734,-0.168996,0.099487
935607.377431,1916122.275684,-0.156422,-0.125465
935608.362801,1916122.105975,-0.130034,0.137530
935609.372306,1916122.014722,-0.052680,0.092287
935610.359891,1916122.000558,0.004559,0.041270
935611.369509,1916122.023742,0.017762,-0.046801
935612.363612,1916122.036188,0.020341,0.039040
935613.355877,1916122.064116,0.025557,-0.041276
935614.368282,1916122.087490,0.046623,0.107542
935615.366352,1916122.157800,0.059414,-0.057898
935616.359668,1916122.205969,0.038598,-0.041380
935617.357794,1916122.234769,0.041338,0.072068
935618.360470,1916122.288652,0.041588,-0.047458
935619.348776,1916122.317640,0.015976,-0.053386
935620.359674,1916122.320673,0.015533,0.051678
935621.351907,1916122.348729,0.040161,0.032700
935622.358646,1916122.400953,0.054008,0.006666
935623.356674,1916122.457080,0.046722,-0.064503
935624.347486,1916122.494027,0.060696,0.083034
935625.340280,1916122.577574,0.104813,0.117554
935626.330546,1916122.702442,0.067432,-0.265679
935627.329640,1916122.712182,0.023428,0.126598
935628.340486,1916122.749452,0.021111,-0.061415
935629.341899,1916122.754701,-0.010270,-0.058968
935630.333662,1916122.729069,-0.012996,0.049961
935631.322719,1916122.728940,0.017082,0.028829
935632.327332,1916122.763113,0.060449,0.091037
935633.317781,1916122.849577,0.085710,0.001008
935634.321653,1916122.934404,0.051104,-0.136403
935635.314286,1916122.951838,0.022154,0.064276
935636.321615,1916122.978674,0.013750,-0.053959
935637.319883,1916122.979464,-0.001912,0.025911
935638.331449,1916122.974794,-0.028725,-0.090146
935639.310929,1916122.922342,-0.058668,0.034151
935640.313026,1916122.858370,-0.092295,-0.083576
935641.304638,1916122.737870,-0.147392,-0.032570
935642.288396,1916122.565106,-0.218354,-0.119557
935643.251963,1916122.305890,-0.295293,-0.070659
935644.210118,1916121.980652,-0.341104,0.014680
935645.140699,1916121.635403,-0.394217,-0.057809
935646.058997,1916121.211519,-0.515180,-0.223107
935646.885523,1916120.647737,-0.672152,-0.174947
935647.617897,1916119.971288,-0.782218,-0.028441
935648.299053,1916119.243248,-0.863121,-0.053315
935648.910747,1916118.460058,-0.997181,-0.223927
935649.377427,1916117.574472,-1.176845,-0.198249
935649.676948,1916116.617351,-1.350160,-0.232405
935649.811246,1916115.641653,-1.446480,0.035534
935649.923427,1916114.645275,-1.459841,-0.006592
935650.033416,1916113.647844,-1.446607,0.063518
935650.170960,1916112.661805,-1.437125,-0.007148
935650.299723,1916111.667220,-1.468857,-0.084563
935650.375148,1916110.666429,-1.513280,-0.022107
935650.414489,1916109.674528,-1.553540,-0.069410
935650.409648,1916108.672305,-1.577209,0.023562
935650.401566,1916107.661022,-1.587021,-0.037461
935650.377139,1916106.666075,-1.589148,0.053266
935650.364797,1916105.661182,-1.603440,-0.084821
935650.312082,1916104.671539,-1.627355,0.022648
935650.252077,1916103.670637,-1.646088,-0.068279
935650.161776,1916102.677912,-1.651276,0.062575
935650.091146,1916101.675998,-1.648157,-0.031431
935650.007196,1916100.683522,-1.661559,-0.021037
935649.910179,1916099.687297,-1.665268,-0.003485
935649.819269,1916098.699885,-1.642207,0.065446
935649.767953,1916097.699792,-1.608915,0.049560
935649.742687,1916096.694103,-1.613321,-0.050733
935649.682791,1916095.698219,-1.663240,-0.100240
935649.558445,1916094.705624,-1.706776,-0.003662
935649.410613,1916093.708777,-1.727821,-0.038835
935649.246764,1916092.736653,-1.726767,0.065683
935649.102892,1916091.752288,-1.727581,-0.042502
935648.933892,1916090.757365,-1.753526,-0.039388
935648.738527,1916089.780272,-1.775343,-0.017993
935648.525969,1916088.790800,-1.778046,0.020143
935648.328068,1916087.828252,-1.769220,0.016005
935648.131536,1916086.829246,-1.768339,0.005234
935647.935420,1916085.866674,-1.794604,-0.087862
935647.688765,1916084.883613,-1.814858,0.046893
935647.449919,1916083.917261,-1.831684,-0.061831
935647.175885,1916082.962342,-1.864557,-0.021546
935646.870475,1916082.001743,-1.895315,-0.065944
935646.536811,1916081.062369,-1.899002,0.074347
935646.226378,1916080.110430,-1.891164,-0.048000
935645.905760,1916079.160292,-1.881345,0.069276
935645.615256,1916078.206451,-1.871332,-0.053713
935645.314947,1916077.253779,-1.856671,0.099671
935645.050062,1916076.283939,-1.855232,-0.105009
935644.754082,1916075.335039,-1.858972,0.047692
935644.483231,1916074.371739,-1.818306,0.119016
935644.261827,1916073.387645,-1.820026,-0.126734
935643.990098,1916072.433888,-1.860323,-0.021586
935643.692008,1916071.474660,-1.869592,0.043896
935643.401031,1916070.521624,-1.889539,-0.079847
935643.069982,1916069.589505,-1.925504,-0.016068
935642.710723,1916068.657736,-1.953478,-0.075255
935642.319538,1916067.724844,-1.937076,0.138928
935641.990707,1916066.781040,-1.907370,-0.029263
935641.658908,1916065.836742,-1.915994,-0.019324
935641.319273,1916064.913818,-1.932145,-0.015218
935640.956129,1916063.977228,-1.952417,-0.034128
935640.574375,1916063.057472,-1.968816,0.011063
935640.176493,1916062.123030,-1.991216,-0.073328
935639.758516,1916061.232389,-2.004288,0.037937
935639.340549,1916060.317009,-1.997699,-0.015934
935638.925391,1916059.400785,-1.978935,0.065478
935638.548195,1916058.484799,-1.958794,0.005584
935638.173731,1916057.561801,-1.969119,-0.048103
935637.772759,1916056.642005,-1.987515,-0.025119
935637.364135,1916055.732663,-1.978000,0.030576
935636.975736,1916054.794072,-1.928042,0.108471
935636.663198,1916053.855087,-1.873092,0.086851
935636.382915,1916052.893681,-1.902347,-0.187747
935636.015914,1916051.974421,-1.974587,-0.055990
935635.596228,1916051.052190,-1.988024,0.064415
935635.201777,1916050.137789,-1.980384,-0.013664
935634.798618,1916049.214984,-1.988360,-0.020003
935634.390266,1916048.308583,-1.994433,0.013955
935633.978898,1916047.397228,-2.004310,-0.027176
935633.554815,1916046.503650,-2.025238,-0.036918
935633.104910,1916045.608159,-2.034194,0.026804
935632.654719,1916044.702388,-2.039911,-0.041141
935632.198204,1916043.819158,-2.039990,0.024497
935631.750625,1916042.919005,-2.017845,0.052085
935631.337538,1916042.024072,-2.004562,-0.020492
935630.909472,1916041.102980,-2.005582,0.000570
935630.493847,1916040.207435,-2.003360,0.026535
935630.073940,1916039.293512,-2.020546,-0.103114
935629.621103,1916038.399269,-2.013826,0.139156
935629.214837,1916037.483243,-2.006368,-0.087390
935628.782558,1916036.597309,-2.036170,-0.019104
935628.320837,1916035.702864,-2.055073,-0.017694
935627.852128,1916034.828571,-2.065565,-0.020607
935627.375053,1916033.949784,-2.049879,0.062546
935626.929976,1916033.053410,-2.018139,0.025782
935626.509272,1916032.145335,-1.994780,0.032209
935626.107607,1916031.231552,-1.991376,-0.015871
935625.686949,1916030.306820,-2.017323,-0.074954
935625.243181,1916029.425876,-2.035257,0.024455
935624.793750,1916028.524050,-2.028640,0.024330
935624.354652,1916027.622811,-2.032483,-0.040775
935623.902429,1916026.732545,-2.038300,0.028258
935623.458794,1916025.848298,-2.045632,-0.038129
935622.990500,1916024.958517,-2.058287,-0.016974
935622.523361,1916024.083807,-2.046745,0.073381
935622.072613,1916023.178031,-2.045778,-0.069922
935621.601147,1916022.290353,-2.055330,0.035312
935621.143340,1916021.412712,-2.058872,-0.019287
935620.667561,1916020.531915,-2.079291,-0.032421
935620.173898,1916019.673389,-2.106466,-0.081473
935619.650580,1916018.818293,-2.080620,0.190148
935619.195101,1916017.923213,-2.061289,-0.113460
935618.704657,1916017.046820,-2.085672,0.004685
935618.210781,1916016.183424,-2.093778,-0.044277
935617.709909,1916015.321240,-2.061482,0.148847
935617.267767,1916014.418689,-2.030447,-0.048052
935616.819839,1916013.523145,-2.037829,-0.028962
935616.363608,1916012.625450,-2.020653,0.102889
935615.946886,1916011.715608,-2.019217,-0.097759
935615.501143,1916010.832611,-2.037631,0.033765
935615.049741,1916009.935584,-2.048568,-0.106956
935614.578299,1916009.049943,-1.999297,0.256322
935614.218705,1916008.116949,-1.939728,-0.069433
935613.863140,1916007.200211,-1.937180,0.024235
935613.507128,1916006.262566,-1.942278,-0.060593
935613.131705,1916005.322433,-1.927061,0.084566
935612.807546,1916004.382864,-1.883718,0.051571
935612.519935,1916003.431881,-1.863620,-0.005649
935612.227727,1916002.459770,-1.872725,-0.025921
935611.924670,1916001.520584,-1.898240,-0.029211
935611.584837,1916000.567027,-1.934083,-0.063064
935611.215565,1915999.655109,-1.962622,0.002553
935610.826426,1915998.731502,-1.977847,-0.012016
935610.417374,1915997.803701,-2.000533,-0.044429
935609.987990,1915996.901951,-2.020683,-0.009336
935609.551069,1915996.009734,-2.023949,-0.018916
935609.113685,1915995.106346,-1.988077,0.146124
935608.743220,1915994.187837,-1.967009,-0.078178
935608.345221,1915993.269296,-1.986700,-0.001921
935607.930162,1915992.346954,-2.007024,-0.025509
935607.496911,1915991.449565,-2.042416,-0.090558
935607.028129,1915990.578017,-2.047862,0.087985
935606.580036,1915989.675867,-2.032661,-0.016223
935606.131202,1915988.776143,-2.037071,0.002893
935605.677631,1915987.882889,-2.056942,-0.067680
935605.199969,1915987.013774,-2.068061,0.032888
935604.729898,1915986.136762,-2.057537,0.023714
935604.262703,1915985.242780,-2.060108,-0.034346
935603.789131,1915984.370019,-2.070468,-0.021532
935603.312191,1915983.501420,-2.053685,0.081493
935602.858327,1915982.594831,-2.037905,-0.028940
935602.410623,1915981.713758,-2.042999,-0.008784
935601.948736,1915980.813870,-2.041343,0.039957
935601.501775,1915979.927123,-2.060861,-0.095525
935601.008708,1915979.051576,-2.083588,0.025496
935600.515719,1915978.175796,-2.086508,-0.017984
935600.026177,1915977.318308,-2.083669,0.040880
935599.539618,1915976.442570,-2.092183,-0.070014
935599.030372,1915975.584534,-2.099016,0.046498
935598.531113,1915974.714350,-2.094817,-0.017620
935598.026915,1915973.848171,-2.100116,-0.012018
935597.523659,1915972.992175,-2.095731,0.017765
935597.028177,1915972.123639,-2.078649,0.021074
935596.545770,1915971.235124,-2.053469,0.026147
935596.101729,1915970.355681,-2.015466,0.098445
935595.686345,1915969.431814,-2.016774,-0.102095
935595.239886,1915968.552906,-2.056094,-0.032703
935594.756250,1915967.668026,-2.074630,-0.033345
935594.269726,1915966.792936,-2.043925,0.153699
935593.842958,1915965.884293,-2.023830,-0.080471
935593.392282,1915964.990387,-2.047273,-0.022797
935592.926313,1915964.108257,-2.057708,0.000694
935592.459169,1915963.227865,-2.053820,0.000052
935591.995383,1915962.333184,-2.028211,0.113079
935591.579416,1915961.440936,-2.040980,-0.145634
935591.091283,1915960.553894,-2.083139,-0.010514
935590.599732,1915959.698984,-2.086385,0.024770
935590.110059,1915958.822498,-2.071545,0.024279
935589.634143,1915957.934682,-2.058322,0.013914
935589.173019,1915957.055269,-2.057939,-0.014229
935588.702814,1915956.176535,-2.069290,-0.015981
935588.213482,1915955.292516,-2.084640,-0.029863
935587.717991,1915954.431600,-2.089496,0.013480
935587.224801,1915953.560525,-2.077214,0.031920
935586.747429,1915952.681856,-2.068241,-0.016392
935586.267405,1915951.797296,-2.059527,0.019154
935585.807018,1915950.913374,-2.035705,0.055020
935585.376267,1915950.020769,-2.022911,-0.019428
935584.932290,1915949.112292,-2.031439,-0.004176
935584.487919,1915948.230669,-2.055285,-0.053021
935584.002661,1915947.345939,-2.083264,-0.028643
935583.506861,1915946.486786,-2.091353,-0.000244
935583.012246,1915945.618307,-2.065950,0.074994
935582.556286,1915944.726685,-2.031591,0.066099
935582.115753,1915943.812758,-2.062046,-0.186526
935581.611963,1915942.961195,-2.099872,0.039374
935581.111359,1915942.094840,-2.070541,0.102919
935580.652045,1915941.203258,-2.057784,-0.086550
935580.175611,1915940.327524,-2.052123,0.082804
935579.730823,1915939.439632,-2.038408,-0.014379
935579.273149,1915938.540383,-2.056902,-0.053669
935578.796199,1915937.670726,-2.077130,0.001140
935578.299921,1915936.785388,-2.085750,-0.024802
935577.807912,1915935.924182,-2.076777,0.072320
935577.338839,1915935.051047,-2.079144,-0.090605
935576.837679,1915934.182700,-2.078386,0.088397
935576.365454,1915933.301154,-2.072645,-0.064152
935575.872639,1915932.423821,-2.074139,0.050167
935575.396413,1915931.541439,-2.072165,-0.041702
935574.917914,1915930.681796,-2.071556,0.038756
935574.438491,1915929.791208,-2.068464,-0.017964
935573.958526,1915928.915856,-2.076911,-0.010963
935573.473358,1915928.049915,-2.084940,-0.028345
935572.972301,1915927.169635,-2.068601,0.057144
935572.510468,1915926.278184,-2.023712,0.090859
935572.100233,1915925.377951,-2.008268,-0.033709
935571.668836,1915924.478710,-2.049763,-0.112945
935571.182233,1915923.609924,-2.084921,0.012333
935570.682600,1915922.732451,-2.083533,-0.001804
935570.198429,1915921.862297,-2.053303,0.098169
935569.756325,1915920.964307,-2.030945,-0.033034
935569.313669,1915920.077177,-2.036345,0.014792
935568.854373,1915919.169021,-2.062328,-0.099302
935568.370300,1915918.314816,-2.079012,0.052955
935567.882622,1915917.424524,-2.072120,-0.030063
935567.402712,1915916.549123,-2.049404,0.120354
935566.964758,1915915.655782,-2.055045,-0.141387
935566.470615,1915914.776883,-2.077359,0.040789
935565.998579,1915913.914466,-2.061448,0.066014
935565.535934,1915913.027498,-2.082286,-0.152302
935565.012434,1915912.157284,-2.090929,0.082383
935564.541941,1915911.292021,-2.033308,0.139497
935564.125973,1915910.379721,-2.019857,-0.111267
935563.668362,1915909.479067,-2.048108,-0.014548
935563.204435,1915908.597843,-2.048634,0.044693
935562.751205,1915907.708135,-2.052085,-0.033537
935562.280015,1915906.827743,-2.076162,-0.053825
935561.779290,1915905.951373,-2.081066,0.040078
935561.306497,1915905.088462,-2.062438,0.035328
935560.839365,1915904.196247,-2.059640,-0.042477
935560.365460,1915903.319191,-2.059367,0.043465
935559.900793,1915902.430632,-2.062236,-0.023206
935559.423957,1915901.560170,-2.094421,-0.084491
935558.902054,1915900.700667,-2.111185,0.023913
935558.393605,1915899.842760,-2.086370,0.069020
935557.912889,1915898.955328,-2.064401,-0.017196
935557.442532,1915898.075044,-2.052522,0.039949
935556.991991,1915897.193981,-2.049969,-0.024633
935556.523218,1915896.305622,-2.066377,-0.047355
935556.035130,1915895.423766,-2.062000,0.051486
935555.582083,1915894.546335,-2.031423,0.067185
935555.150421,1915893.641127,-2.033721,-0.095977
935554.685519,1915892.749759,-2.042237,0.062165
935554.243167,1915891.861545,-2.040144,-0.036440
935553.783030,1915890.970158,-2.049411,0.005457
935553.320864,1915890.083968,-2.058167,-0.044066
935552.849557,1915889.208801,-2.044992,0.069587
935552.408047,1915888.305587,-2.009773,0.067949
935551.994242,1915887.387436,-2.020022,-0.099628
935551.538831,1915886.502458,-2.065405,-0.050457
935551.046132,1915885.629311,-2.084887,0.011465
935550.553073,1915884.756929,-2.079105,0.020674
935550.076614,1915883.889176,-2.068681,0.013757
935549.600863,1915883.005172,-2.067298,0.001994
935549.126033,1915882.134636,-2.087680,-0.090507
935548.617537,1915881.275045,-2.081959,0.096088
935548.139972,1915880.376733,-2.047151,0.035918
935547.699560,1915879.496119,-2.043513,-0.064735
935547.234543,1915878.606051,-2.035955,0.092729
935546.802829,1915877.709643,-2.038788,-0.096161
935546.335380,1915876.826904,-2.054430,0.042181
935545.874039,1915875.941392,-2.060940,-0.021330
935545.392826,1915875.060415,-2.091932,-0.083006
935544.874416,1915874.199899,-2.104432,0.044561
935544.368638,1915873.326914,-2.085437,0.033654
935543.890008,1915872.459110,-2.074969,-0.035160
935543.403575,1915871.577667,-2.050649,0.106667
935542.968635,1915870.688927,-2.034022,-0.053696
935542.515666,1915869.799917,-2.045895,0.001500
935542.053856,1915868.910581,-2.058512,-0.039702
935541.575891,1915868.028173,-2.058786,0.051064
935541.114834,1915867.141645,-2.058523,-0.032818
935540.638245,1915866.260571,-2.075402,-0.023751
935540.150436,1915865.395433,-2.087543,-0.031065
935539.650677,1915864.522525,-2.063481,0.118523
935539.200770,1915863.626708,-2.043007,-0.045103
935538.745910,1915862.751060,-2.059637,-0.036393
935538.262977,1915861.863508,-2.064696,0.018281
935537.789329,1915860.974378,-2.051511,0.023929
935537.334014,1915860.082292,-2.035849,0.019367
935536.898608,1915859.199238,-2.029249,0.020837
935536.451832,1915858.294901,-2.059081,-0.135569
935535.959319,1915857.430629,-2.070862,0.095907
935535.491880,1915856.538124,-2.048176,0.012473
935535.041621,1915855.656650,-2.053084,-0.044905
935534.566473,1915854.770381,-2.062846,0.006936
935534.094228,1915853.889189,-2.059354,0.001827
935533.625690,1915853.000435,-2.044678,0.054761
935533.179731,1915852.106212,-2.046795,-0.059447
935532.712145,1915851.228312,-2.065622,-0.016753
935532.230584,1915850.347157,-2.062205,0.089052
935531.767589,1915849.463720,-2.102463,-0.213239
935531.215328,1915848.620571,-2.140677,0.053731
935530.690911,1915847.783457,-2.095132,0.130904
935530.216139,1915846.893153,-2.062706,-0.057774
935529.742349,1915846.013149,-2.048342,0.084017
935529.297042,1915845.117321,-2.049095,-0.049584
935528.825369,1915844.244460,-2.101544,-0.113313
935528.291251,1915843.403416,-2.147347,-0.039513
935527.732754,1915842.563962,-2.125705,0.111473
935527.240677,1915841.708747,-2.063390,0.084461
935526.793579,1915840.814377,-2.034196,-0.032973
935526.341951,1915839.910159,-2.028904,0.028104
935525.907126,1915839.016725,-2.031958,-0.039936
935525.458650,1915838.132443,-2.038174,0.028537
935525.002843,1915837.224974,-2.049012,-0.062685
935524.529920,1915836.340564,-2.051850,0.066531
935524.076848,1915835.451016,-2.055552,-0.070062
935523.605235,1915834.584713,-2.064865,0.042637
935523.137145,1915833.706463,-2.070865,-0.049031
935522.640742,1915832.819408,-2.077225,0.024642
935522.163970,1915831.952008,-2.072738,0.018098
935521.685971,1915831.079833,-2.091674,-0.105938
935521.168306,1915830.216313,-2.082621,0.132385
935520.708212,1915829.339524,-2.053598,-0.023092
935520.237057,1915828.439736,-2.056224,-0.021736
935519.766537,1915827.554393,-2.050525,0.067647
935519.318782,1915826.674923,-2.070356,-0.122932
935518.811826,1915825.804738,-2.097943,0.021154
935518.306599,1915824.936017,-2.089456,0.052435
935517.822961,1915824.072415,-2.101798,-0.100640
935517.303584,1915823.227872,-2.112335,0.032994
935516.793196,1915822.360460,-2.076173,0.077376
935516.335715,1915821.478759,-2.029976,0.073633
935515.905898,1915820.566143,-2.034551,-0.054952
935515.434965,1915819.677790,-2.117708,-0.218884
935514.871016,1915818.865985,-2.175361,0.055302
935514.301692,1915818.037372,-2.157517,0.076250
935513.757243,1915817.190851,-2.160614,-0.109532
935513.187028,1915816.371725,-2.157138,0.089903
935512.658742,1915815.537255,-2.119192,0.060390
935512.148252,1915814.671516,-2.122144,-0.062141
935511.611803,1915813.834774,-2.169021,-0.081721
935511.017233,1915813.011836,-2.207364,-0.020618
935510.414412,1915812.214885,-2.213717,0.008432
935509.824240,1915811.419214,-2.187564,0.073046
935509.256565,1915810.582033,-2.159931,0.023321
935508.713425,1915809.757180,-2.169947,-0.041477
935508.129407,1915808.931459,-2.218828,-0.081688
935507.510383,1915808.168069,-2.285735,-0.124948
935506.821814,1915807.424998,-2.292125,0.167576
935506.184621,1915806.660783,-2.296838,-0.131349
935505.499859,1915805.935871,-2.347082,-0.033817
935504.779322,1915805.229563,-2.378692,-0.032668
935504.051803,1915804.551474,-2.390069,0.003412
935503.319052,1915803.864987,-2.373858,0.043614
935502.615241,1915803.164829,-2.344120,-0.015842
935501.930912,1915802.442827,-2.270038,0.148112
935501.327350,1915801.633574,-2.137393,0.193507
935500.860090,1915800.759991,-2.012829,0.081561
935500.475818,1915799.834579,-1.925286,0.024238
935500.168381,1915798.891097,-1.800532,0.208033
935500.022297,1915797.896013,-1.623679,0.193833
935500.062285,1915796.890140,-1.430809,0.190813
935500.298452,1915795.935102,-1.201617,0.314331
935500.777124,1915795.041736,-0.988810,0.145469
935501.400234,1915794.260389,-0.795127,0.241265
935502.165192,1915793.626039,-0.609688,0.177836
935503.024328,1915793.125760,-0.473753,0.065616
935503.929562,1915792.721363,-0.352785,0.081865
935504.887072,1915792.439922,-0.149692,0.335052
935505.895116,1915792.424664,0.139672,0.370165
935506.837385,1915792.713755,0.438026,0.269736
935507.677770,1915793.259305,0.720607,0.357912
935508.326512,1915794.020907,0.964162,0.252930
935508.816514,1915794.899648,1.064618,-0.122147
935509.293457,1915795.765307,1.101240,0.126831
935509.720229,1915796.680414,1.139458,-0.023848
935510.130641,1915797.584321,1.155740,0.041513
935510.527189,1915798.511561,1.164225,-0.009339
935510.918695,1915799.414582,1.149964,-0.072632
935511.340317,1915800.328574,1.167450,0.134645
935511.702749,1915801.251548,1.189438,-0.052946
935512.085650,1915802.187368,1.178399,0.014548
935512.469677,1915803.104571,1.150199,-0.086756
935512.903132,1915804.015216,1.122086,0.013380
935513.333798,1915804.899346,1.109642,-0.043478
935513.791256,1915805.802737,1.119421,0.052689
935514.209771,1915806.706350,1.161617,0.064742
935514.586915,1915807.637339,1.201223,0.029906
935514.932419,1915808.571731,1.223633,0.018676
935515.267660,1915809.518678,1.224046,0.003015
935515.612775,1915810.454414,1.181098,-0.131125
935516.021784,1915811.355197,1.136076,0.010163
935516.451228,1915812.260120,1.120329,0.091007
935516.887773,1915813.145349,0.999690,-0.457988
935517.521793,1915813.927161,0.902471,0.154179
935518.131699,1915814.720811,0.922589,-0.027402
935518.728326,1915815.520289,0.971958,0.152509
935519.258579,1915816.371815,1.022788,-0.043864
935519.771367,1915817.229236,1.069828,0.189585
935520.215694,1915818.119271,1.062254,-0.061537
935520.741862,1915818.969927,0.846867,-0.876758
935521.478730,1915819.549500,-2.025051,-18.888679
