935521.686469,1915821.311989
935521.920636,1915821.776117
935522.172881,1915822.284480
935522.433910,1915822.781683
935522.721375,1915823.256495
935523.017794,1915823.742332
935523.287777,1915824.250559
935523.530983,1915824.736805
935523.774103,1915825.211958
935524.017139,1915825.676018
935524.260260,1915826.151171
935524.530157,1915826.648305
935524.773533,1915827.156736
935525.016824,1915827.654075
935525.251246,1915828.151482
935525.538881,1915828.648480
935525.853038,1915829.134181
935526.149456,1915829.620018
935526.463953,1915830.150090
935526.742975,1915830.680435
935527.021911,1915831.199687
935527.256674,1915831.741465
935527.500475,1915832.305360
935527.761930,1915832.858027
935528.014259,1915833.377483
935528.310933,1915833.896599
935528.616476,1915834.415647
935528.904366,1915834.945923
935529.192171,1915835.465107
935529.497798,1915835.995248
935529.821334,1915836.547438
935530.153653,1915837.088467
935530.415107,1915837.641133
935530.712036,1915838.193528
935531.026703,1915838.745786
935531.305979,1915839.309409
935531.585256,1915839.873033
935531.891053,1915840.425359
935532.188153,1915840.999939
935532.485081,1915841.552333
935532.790794,1915842.093567
935533.114244,1915842.634664
935533.428825,1915843.175829
935533.707931,1915843.717267
935534.022512,1915844.258433
935534.266313,1915844.822328
935534.563241,1915845.374723
935534.904514,1915845.926777
935535.201527,1915846.490264
935535.524977,1915847.031362
935535.857466,1915847.594577
935536.172217,1915848.157928
935536.469400,1915848.743601
935536.775368,1915849.318113
935537.063853,1915849.926040
935537.352168,1915850.511781
935537.631614,1915851.097590
935537.937411,1915851.649916
935538.243208,1915852.202243
935538.540136,1915852.754637
935538.836979,1915853.295939
935539.170318,1915853.970083
935539.413438,1915854.445236
935539.791206,1915855.130132
935540.043194,1915855.605217
935540.385573,1915856.301478
935540.700238,1915856.853736
935540.970815,1915857.439614
935541.259044,1915858.014262
935541.556057,1915858.577750
935541.861939,1915859.141169
935542.185473,1915859.693360
935542.491269,1915860.245686
935542.797065,1915860.798013
935543.076425,1915861.372730
935543.382307,1915861.936149
935543.679234,1915862.488544
935544.029289,1915863.029437
935544.361521,1915863.559374
935544.729483,1915864.122317
935545.097276,1915864.663074
935545.491589,1915865.192535
935545.868080,1915865.711038
935546.226577,1915866.196400
935546.602812,1915866.681625
935546.988171,1915867.200060
935547.373701,1915867.740682
935547.732709,1915868.292600
935548.065196,1915868.855816
935548.371503,1915869.474699
935548.642590,1915870.127134
935548.878201,1915870.779841
935549.113557,1915871.399269
935549.339875,1915871.996580
935549.601752,1915872.604712
935549.854846,1915873.224004
935550.134460,1915873.831999
935550.396252,1915874.429038
935550.711172,1915875.014575
935550.990701,1915875.611478
935551.287968,1915876.208244
935551.558714,1915876.816308
935551.847112,1915877.413142
935552.162031,1915877.998680
935552.459128,1915878.573260
935552.729448,1915879.125860
935552.982115,1915879.689688
935553.305733,1915880.252972
935553.629265,1915880.805162
935553.944014,1915881.368514
935554.241195,1915881.954188
935554.538292,1915882.528769
935554.817650,1915883.103486
935555.141182,1915883.655677
935555.429325,1915884.219233
935555.744158,1915884.793677
935556.059162,1915885.390308
935556.391733,1915885.964616
935556.724474,1915886.561111
935557.074868,1915887.146376
935557.416308,1915887.720617
935557.757832,1915888.305950
935558.108311,1915888.902308
935558.458789,1915889.498666
935558.809268,1915890.095025
935559.115402,1915890.691723
935559.439189,1915891.277193
935559.754108,1915891.862730
935560.095462,1915892.425878
935560.427862,1915892.978001
935560.751564,1915893.552378
935561.066482,1915894.137916
935561.381485,1915894.734547
935561.705527,1915895.353295
935562.038523,1915895.983068
935562.452189,1915896.723156
935562.713043,1915897.198174
935563.045698,1915897.783576
935563.360786,1915898.391299
935563.738891,1915899.120568
935564.036412,1915899.750613
935564.316280,1915900.391887
935564.543106,1915901.055755
935564.769932,1915901.719624
935564.934762,1915902.395061
935565.099763,1915903.092685
935565.220419,1915903.790648
935565.314385,1915904.477723
935565.363921,1915905.154045
935565.377897,1915905.819547
935565.347615,1915906.496482
935565.290727,1915907.173621
935565.207062,1915907.828779
935565.070270,1915908.495437
935564.898089,1915909.173461
935564.699045,1915909.818411
935564.482180,1915910.452404
935564.212102,1915911.086805
935563.897339,1915911.677175
935563.537893,1915912.223514
935563.169663,1915912.781014
935562.756749,1915913.294483
935562.334882,1915913.796928
935561.868245,1915914.244248
935561.401438,1915914.669383
935560.890117,1915915.072673
935560.342981,1915915.431863
935559.795674,1915915.768868
935559.230460,1915916.083824
935558.674029,1915916.387619
935558.099691,1915916.669364
935557.516654,1915916.973363
935556.924664,1915917.266337
935556.359280,1915917.559107
935555.891111,1915917.806757
935555.246334,1915918.155604
935554.680694,1915918.415095
935554.088449,1915918.674791
935553.522894,1915918.945376
935552.984117,1915919.237942
935552.463417,1915919.574743
935551.897777,1915919.834235
935551.341092,1915920.104751
935550.757800,1915920.375472
935550.183377,1915920.646125
935549.608955,1915920.916778
935549.017050,1915921.220846
935548.602605,1915921.534644
935547.913825,1915921.928204
935547.383576,1915922.176331
935546.818277,1915922.480194
935546.288284,1915922.761600
935545.775601,1915922.987405
935545.050666,1915923.292494
935544.609445,1915923.584312
935544.044657,1915923.954732
935543.673279,1915924.101799
935542.780690,1915924.519110
935542.277217,1915924.789219
935541.694011,1915925.071033
935541.173227,1915925.396742
935540.607929,1915925.700606
935540.051841,1915926.048773
935539.468976,1915926.374959
935538.912887,1915926.723126
935538.347759,1915927.049176
935537.782802,1915927.397411
935537.226714,1915927.745579
935536.715310,1915928.137777
935536.212519,1915928.496629
935535.718852,1915928.888691
935535.207278,1915929.258704
935534.722480,1915929.650698
935534.167499,1915930.143072
935533.727130,1915930.545819
935533.322491,1915930.981572
935532.917938,1915931.428417
935532.540161,1915931.897244
935532.118041,1915932.366412
935531.731565,1915932.857492
935531.371696,1915933.348369
935531.047728,1915933.894437
935530.750366,1915934.440301
935530.506386,1915935.007942
935530.306920,1915935.597428
935530.134060,1915936.186710
935530.005629,1915936.786745
935529.886237,1915937.408897
935529.829012,1915938.041665
935529.780825,1915938.696550
935529.776981,1915939.351095
935529.773053,1915939.994548
935529.857726,1915940.626226
935529.933531,1915941.257973
935530.062462,1915941.878218
935530.191564,1915942.520649
935530.364924,1915943.151646
935530.556022,1915943.782508
935530.782509,1915944.402004
935531.044470,1915945.021228
935531.314960,1915945.596012
935531.594574,1915946.204007
935531.865319,1915946.812069
935532.136064,1915947.420132
935532.380374,1915948.050585
935532.677639,1915948.647351
935532.911802,1915949.111479
935533.281295,1915949.874093
935533.614036,1915950.470586
935533.937993,1915951.078240
935534.270563,1915951.652548
935534.585566,1915952.249178
935534.891615,1915952.834783
935535.197834,1915953.442573
935535.503968,1915954.039271
935535.792536,1915954.658291
935536.107538,1915955.254920
935536.404974,1915955.873872
935536.746413,1915956.448112
935537.052376,1915957.022624
935537.385031,1915957.608024
935537.700034,1915958.204654
935538.015121,1915958.812377
935538.374212,1915959.375388
935538.715650,1915959.949627
935539.056917,1915960.501682
935539.362881,1915961.076194
935539.686581,1915961.650570
935539.974892,1915962.236311
935540.325114,1915962.799390
935540.640031,1915963.384927
935540.972600,1915963.959235
935541.197979,1915964.434525
935541.566959,1915965.130582
935541.846316,1915965.705298
935542.143411,1915966.279879
935542.493717,1915966.854051
935542.799594,1915967.417470
935543.105387,1915967.969797
935543.429087,1915968.544173
935543.797131,1915969.118209
935544.218216,1915969.669651
935544.700870,1915970.154059
935545.201007,1915970.605052
935545.762542,1915970.966826
935546.332691,1915971.295254
935546.920152,1915971.568082
935547.524924,1915971.785309
935548.147092,1915971.958029
935548.928386,1915972.062966
935549.558316,1915972.091411
935550.161044,1915972.042410
935550.745865,1915971.971360
935551.347827,1915971.822524
935551.932051,1915971.673825
935552.533503,1915971.458432
935553.135039,1915971.254132
935553.603801,1915971.084131
935554.248914,1915970.779656
935554.831861,1915970.464564
935555.432632,1915970.160428
935556.024874,1915969.900732
935556.546507,1915969.685953
935557.279966,1915969.336425
935557.827440,1915969.021605
935558.401519,1915968.706582
935558.984296,1915968.369304
935559.584896,1915968.042984
935560.167674,1915967.705706
935560.768530,1915967.412664
935561.377743,1915967.052997
935561.996251,1915966.748726
935562.596852,1915966.422406
935563.171016,1915966.118475
935563.780826,1915965.836458
935564.381767,1915965.554509
935564.973924,1915965.283721
935565.539306,1915964.990952
935566.122339,1915964.686953
935566.722940,1915964.360633
935567.306058,1915964.067728
935567.897705,1915963.730383
935568.498476,1915963.426248
935569.090294,1915963.111089
935569.673413,1915962.818184
935570.247322,1915962.480975
935570.812364,1915962.143835
935571.386188,1915961.795534
935571.951144,1915961.447300
935572.489069,1915961.043807
935573.053770,1915960.662296
935573.600648,1915960.269827
935574.174303,1915959.899341
935574.695342,1915959.606912
935575.330822,1915959.202670
935575.922980,1915958.931883
935576.524177,1915958.683214
935576.965909,1915958.457955
935577.628591,1915958.131159
935578.220835,1915957.871465
935578.707080,1915957.668051
935579.432098,1915957.374058
935580.015558,1915957.125524
935580.572072,1915956.832824
935581.128671,1915956.551216
935581.667447,1915956.258652
935582.206649,1915956.021552
935582.754549,1915955.762198
935583.320187,1915955.502709
935583.912686,1915955.276293
935584.541086,1915955.105070
935585.178694,1915954.978150
935585.807605,1915954.873484
935586.454678,1915954.824145
935587.110534,1915954.763647
935587.740040,1915954.736630
935588.360677,1915954.709682
935588.946521,1915954.771749
935589.550442,1915954.878051
935590.137051,1915955.039953
935590.759390,1915955.234861
935591.355208,1915955.441067
935591.924845,1915955.702941
935592.592464,1915956.019530
935593.029071,1915956.282425
935593.537394,1915956.644610
935594.001798,1915957.062600
935594.555655,1915957.579746
935594.949451,1915958.042651
935595.343246,1915958.505557
935595.692528,1915958.946617
935596.042065,1915959.420956
935596.356127,1915959.895566
935596.670360,1915960.392363
935596.975809,1915960.900320
935597.272644,1915961.441624
935597.587046,1915961.960606
935597.866059,1915962.490953
935598.145327,1915963.054579
935598.406858,1915963.618340
935598.668474,1915964.193195
935598.938873,1915964.756888
935599.191535,1915965.320718
935599.461935,1915965.884412
935599.741203,1915966.448037
935600.029254,1915967.000502
935600.299483,1915967.542010
935600.569712,1915968.083518
935600.813250,1915968.614137
935601.056788,1915969.144757
935601.309109,1915969.664215
935601.561686,1915970.216952
935601.876428,1915970.780305
935602.173603,1915971.365981
935602.479647,1915971.951588
935602.758999,1915972.526307
935603.055919,1915973.078703
935603.326148,1915973.620212
935603.667325,1915974.161176
935603.990596,1915974.680090
935604.305167,1915975.221258
935604.602002,1915975.762562
935604.881184,1915976.315095
935605.196011,1915976.889541
935605.412602,1915977.375994
935605.772793,1915978.083214
935606.043362,1915978.669094
935606.349405,1915979.254701
935606.611190,1915979.851741
935606.890712,1915980.448646
935607.205624,1915981.034185
935607.502883,1915981.630954
935607.817795,1915982.216493
935608.123923,1915982.813193
935608.456571,1915983.398597
935608.771568,1915983.995229
935609.095348,1915984.580701
935609.383739,1915985.177537
935609.689866,1915985.774238
935609.995824,1915986.348752
935610.319689,1915986.945317
935610.643384,1915987.519695
935610.967078,1915988.094074
935611.273036,1915988.668589
935611.578908,1915989.232011
935611.911301,1915989.784136
935612.208135,1915990.325440
935612.522791,1915990.877702
935612.810840,1915991.430167
935613.125581,1915991.993521
935613.431453,1915992.556943
935613.737410,1915993.131458
935614.052151,1915993.694812
935614.366806,1915994.247073
935614.699114,1915994.788105
935615.022808,1915995.362484
935615.346502,1915995.936863
935615.643761,1915996.533632
935616.012053,1915997.140949
935616.335832,1915997.726421
935616.686132,1915998.300596
935617.027478,1915998.863746
935617.449578,1915999.548305
935617.701302,1915999.990114
935617.998305,1916000.553605
935618.286524,1916001.128256
935618.673319,1916001.835273
935618.925213,1916002.299268
935619.240123,1916002.884807
935619.626662,1916003.558546
935619.923835,1916004.144222
935620.238745,1916004.729762
935620.527049,1916005.315506
935620.841874,1916005.889953
935621.156699,1916006.464400
935621.471523,1916007.038847
935621.804085,1916007.613158
935622.118910,1916008.187606
935622.460425,1916008.772942
935622.784203,1916009.358414
935623.116850,1916009.943818
935623.422976,1916010.540519
935623.746754,1916011.125991
935624.070447,1916011.700370
935624.411877,1916012.274613
935624.726702,1916012.849061
935625.050309,1916013.412347
935625.382446,1916013.931194
935625.723620,1916014.472159
935626.046973,1916015.002167
935626.352503,1916015.521218
935626.667072,1916016.062387
935626.973027,1916016.636902
935627.332109,1916017.199917
935627.637980,1916017.763340
935627.970370,1916018.315465
935628.276241,1916018.878888
935628.564374,1916019.442446
935628.861460,1916020.017030
935629.123072,1916020.591885
935629.357143,1916021.044924
935629.708376,1916021.741120
935630.014246,1916022.304543
935630.302464,1916022.879194
935630.599465,1916023.442685
935630.887768,1916024.028429
935631.175985,1916024.603081
935631.464288,1916025.188825
935631.734683,1916025.752520
935632.031769,1916026.327103
935632.319987,1916026.901755
935632.608204,1916027.476406
935632.887638,1916028.062219
935633.184724,1916028.636802
935633.481895,1916029.222479
935633.752205,1916029.775081
935634.049121,1916030.327479
935634.284041,1916030.891445
935634.554351,1916031.444047
935634.789272,1916032.008014
935635.068620,1916032.582734
935635.312409,1916033.146632
935635.591672,1916033.710259
935635.835461,1916034.274158
935636.087949,1916034.815803
935636.349475,1916035.379566
935636.601877,1916035.910118
935636.880885,1916036.440467
935637.115721,1916036.993340
935637.404022,1916037.579085
935637.647896,1916038.154077
935637.918291,1916038.717772
935638.188855,1916039.303652
935638.476987,1916039.867211
935638.747211,1916040.408720
935639.017350,1916040.939137
935639.305141,1916041.458324
935639.601801,1916041.977444
935639.898716,1916042.529842
935640.231786,1916043.170711
935640.519917,1916043.734270
935640.781272,1916044.275847
935641.033844,1916044.828585
935641.259810,1916045.381527
935641.458320,1916045.823745
935641.782776,1916046.497960
935642.088559,1916047.050291
935642.349660,1916047.558590
935642.584409,1916048.100371
935642.828197,1916048.664270
935643.054078,1916049.206119
935643.297866,1916049.770018
935643.515048,1916050.334121
935643.776573,1916050.897884
935643.993841,1916051.473080
935644.219721,1916052.014929
935644.427695,1916052.534729
935644.626715,1916053.043503
935644.780626,1916053.452783
935645.007187,1916054.083375
935645.215671,1916054.669731
935645.424069,1916055.244995
935645.604842,1916055.687349
935645.893823,1916056.361836
935646.146309,1916056.903482
935646.372359,1916057.467517
935646.598495,1916058.042645
935646.842282,1916058.606544
935647.050510,1916059.159622
935647.276476,1916059.712564
935647.466882,1916060.254685
935647.719538,1916060.818516
935647.945503,1916061.371459
935648.180422,1916061.935426
935648.388565,1916062.477411
935648.605747,1916063.041514
935648.805361,1916063.627939
935648.996107,1916064.214432
935649.204590,1916064.800788
935649.395251,1916065.376188
935649.621471,1916065.962409
935649.856475,1916066.537469
935650.108960,1916067.079114
935650.326227,1916067.654310
935650.570099,1916068.229302
935650.778496,1916068.804566
935650.941786,1916069.280335
935651.222238,1916069.999262
935651.395331,1916070.596983
935651.586247,1916071.205661
935651.723781,1916071.792562
935651.896790,1916072.379191
935652.096404,1916072.965615
935652.305056,1916073.574158
935652.478150,1916074.171879
935652.642290,1916074.758576
935652.824251,1916075.356230
935652.997175,1916075.931765
935653.170353,1916076.540580
935653.299189,1916077.149734
935653.481150,1916077.747388
935653.645205,1916078.322991
935653.836375,1916078.964948
935653.982948,1916079.573967
935654.173523,1916080.138274
935654.328794,1916080.725038
935654.519624,1916081.322624
935654.675066,1916081.931574
935654.821808,1916082.562778
935654.968465,1916083.182889
935655.097216,1916083.780951
935655.288811,1916084.478372
935655.435298,1916085.076297
935655.564219,1916085.696544
935655.692544,1916086.239142
935655.829313,1916086.726207
935655.976650,1916087.435061
935656.149998,1916088.066061
935656.269965,1916088.675283
935656.390101,1916089.306691
935656.483717,1916089.949396
935656.603939,1916090.591896
935656.697555,1916091.234601
935656.799784,1916091.843959
935656.910968,1916092.464342
935657.004498,1916093.095954
935657.080377,1916093.738794
935657.111829,1916094.370882
935657.134411,1916095.003038
935657.165778,1916095.624032
935657.206097,1916096.256052
935657.246332,1916096.876979
935657.286737,1916097.520091
935657.336180,1916098.185321
935657.348704,1916098.662245
935657.407781,1916099.427243
935657.456885,1916100.048102
935657.506328,1916100.713332
935657.511088,1916101.334530
935657.542795,1916101.999896
935657.556509,1916102.632120
935657.579177,1916103.275368
935657.610543,1916103.896363
935657.624342,1916104.539679
935657.638226,1916105.194088
935657.634373,1916105.848634
935657.648257,1916106.503043
935657.670840,1916107.135198
935657.675941,1916107.800768
935657.672173,1916108.466406
935657.686227,1916109.143001
935657.682119,1916109.764268
935657.678267,1916110.418813
935657.656592,1916111.062401
935657.670731,1916111.750089
935657.667048,1916112.426819
935657.663195,1916113.081364
935657.677335,1916113.769052
935657.682605,1916114.456808
935657.687706,1916115.122378
935657.674985,1916115.776991
935657.653310,1916116.420579
935657.640163,1916117.019728
935657.645009,1916117.652019
935657.658723,1916118.284243
935657.690429,1916118.949609
935657.695275,1916119.581901
935657.700291,1916120.236378
935657.687655,1916120.902084
935657.683972,1916121.578814
935657.688987,1916122.233292
935657.711655,1916122.876540
935657.743106,1916123.508628
935657.765859,1916124.162969
935657.762091,1916124.828607
935657.758323,1916125.494245
935657.790115,1916126.170704
935657.786517,1916126.858527
935657.800401,1916127.512936
935657.814370,1916128.178438
935657.828339,1916128.843940
935657.851177,1916129.509374
935657.873930,1916130.163716
935657.905466,1916130.806896
935657.946126,1916131.483287
935658.022259,1916132.159406
935658.107261,1916132.835457
935658.192518,1916133.544787
935658.277606,1916134.231931
935658.398082,1916134.907710
935658.510454,1916135.683393
935658.594436,1916136.226330
935658.689242,1916137.024335
935658.818416,1916137.677860
935658.894210,1916138.309608
935658.979042,1916138.963473
935659.037268,1916139.617543
935659.068804,1916140.260723
935659.100340,1916140.903904
935659.140745,1916141.547016
935659.190188,1916142.212246
935659.239546,1916142.866384
935659.333416,1916143.542367
935659.400596,1916144.207461
935659.503250,1916144.872284
935659.588167,1916145.537242
935659.690906,1916146.213157
935659.784691,1916146.878048
935659.896298,1916147.553895
935659.998867,1916148.207624
935660.083699,1916148.861490
935660.177399,1916149.515287
935660.288751,1916150.157856
935660.426879,1916150.822407
935660.520579,1916151.476204
935660.623233,1916152.141027
935660.699196,1916152.794960
935660.775159,1916153.448894
935660.797912,1916154.103235
935660.829447,1916154.746415
935660.861153,1916155.411782
935660.857300,1916156.066327
935660.889091,1916156.742786
935660.912014,1916157.419313
935660.943975,1916158.117957
935660.958029,1916158.794552
935660.972253,1916159.493333
935660.958766,1916160.048110
935660.947490,1916160.891302
935660.952590,1916161.556872
935660.940039,1916162.233670
935660.918449,1916162.888351
935660.905728,1916163.542965
935660.893091,1916164.208671
935660.889153,1916164.852123
935660.894084,1916165.495507
935660.899014,1916166.138892
935660.904200,1916166.815554
935660.873912,1916167.492489
935660.852407,1916168.158263
935660.812825,1916168.779802
935660.782197,1916169.412365
935660.742530,1916170.022811
935660.720600,1916170.633120
935660.689632,1916171.221312
935660.649710,1916171.798480
935660.609873,1916172.386740
935660.561083,1916172.963975
935660.556975,1916173.585241
935660.508270,1916174.173569
935660.511926,1916174.650561
935660.464411,1916175.394189
935660.433782,1916176.026752
935660.403154,1916176.659316
935660.328184,1916177.292219
935660.279819,1916177.924918
935660.258059,1916178.557414
935660.262905,1916179.189705
935660.241060,1916179.811108
935660.148438,1916180.455240
935659.914515,1916181.178109
935659.714197,1916181.656664
935659.495886,1916182.102076
935659.067284,1916182.881905
935658.769923,1916183.427765
935658.481600,1916183.995742
935658.220053,1916184.585701
935658.010696,1916185.042139
935657.750169,1916185.765212
935657.515142,1916186.343874
935657.315844,1916186.955543
935657.152019,1916187.566941
935657.059312,1916188.199980
935657.002079,1916188.832747
935656.953714,1916189.465447
935656.905265,1916190.087053
935656.883505,1916190.719549
935656.826527,1916191.385594
935656.787201,1916192.040411
935656.739091,1916192.706389
935656.726370,1916193.361002
935656.722688,1916194.037733
935656.710137,1916194.714532
935656.697416,1916195.369145
935656.675741,1916196.012734
935656.689626,1916196.667143
935656.694642,1916197.321620
935656.726263,1916197.975893
935656.740062,1916198.619210
935656.762985,1916199.295737
935656.741395,1916199.950418
935656.737628,1916200.616056
935656.742729,1916201.281626
935656.738961,1916201.947264
935656.735194,1916202.612902
935656.722728,1916203.300794
935656.727829,1916203.966364
935656.715193,1916204.632070
935656.711511,1916205.308801
935656.681223,1916205.985735
935656.677710,1916206.684652
935656.656376,1916207.372612
935656.652864,1916208.071528
935656.622491,1916208.737370
935656.610110,1916209.436355
935656.553132,1916210.102400
935656.549450,1916210.779131
935656.545512,1916211.422584
935656.541660,1916212.077129
935656.546761,1916212.742699
935656.516303,1916213.397448
935656.494799,1916214.063222
935656.464256,1916214.706878
935656.460404,1916215.361424
935656.465590,1916216.038086
935656.443831,1916216.670582
935656.439978,1916217.325127
935656.454117,1916218.012815
935656.432528,1916218.667496
935656.437374,1916219.299788
935656.415700,1916219.943376
935656.395046,1916220.720078
935656.407910,1916221.241374
935656.405078,1916222.029033
935656.436529,1916222.661120
935656.432591,1916223.304573
935656.437607,1916223.959050
935656.424717,1916224.591478
935656.411996,1916225.246091
935656.381538,1916225.900840
935656.377686,1916226.555385
935656.382702,1916227.209862
935656.369981,1916227.864476
935656.357345,1916228.530182
935656.335756,1916229.184863
935656.314337,1916229.861730
935656.292748,1916230.516411
935656.289065,1916231.193142
935656.267646,1916231.870009
935656.272832,1916232.546671
935656.242460,1916233.212513
935656.229909,1916233.889312
935656.181885,1916234.566383
935656.142559,1916235.221200
935656.103233,1916235.876017
935656.018290,1916236.364782
935655.962332,1916237.163942
935655.859653,1916237.652842
935655.803270,1916238.396538
935655.745612,1916238.973841
935655.732552,1916239.584083
935655.586635,1916240.217530
935655.484976,1916240.839544
935655.286019,1916241.495585
935655.051419,1916242.129712
935654.763694,1916242.775339
935654.422334,1916243.365910
935654.063151,1916243.945524
935653.668241,1916244.492132
935653.264547,1916245.049900
935652.842776,1916245.563433
935652.447866,1916246.110041
935652.008273,1916246.612617
935651.586418,1916247.115058
935651.111097,1916247.584627
935650.644474,1916248.031943
935650.142038,1916248.435160
935649.612742,1916248.805302
935649.021113,1916249.142641
935648.411321,1916249.424653
935647.819351,1916249.717621
935647.209390,1916249.977447
935646.572653,1916250.215291
935645.802466,1916250.398690
935645.271044,1916250.491512
935644.491394,1916250.597329
935643.844683,1916250.691035
935643.189275,1916250.806994
935642.542480,1916250.889606
935641.886731,1916250.961194
935641.248549,1916251.010460
935640.610027,1916251.015355
935639.998195,1916251.031139
935639.368966,1916251.091430
935638.721491,1916251.085300
935638.074015,1916251.079171
935637.444191,1916251.061812
935636.805584,1916251.055615
935636.184714,1916251.049281
935635.572541,1916251.020694
935634.969152,1916250.980946
935634.374547,1916250.930037
935633.762205,1916250.879264
935633.176297,1916250.806102
935632.581862,1916250.777379
935631.987596,1916250.770842
935631.508535,1916250.752328
935630.781244,1916250.746811
935630.177855,1916250.707063
935629.583249,1916250.656155
935628.978584,1916250.450014
935628.364371,1916250.155200
935627.785205,1916249.804649
935627.196831,1916249.409795
935626.661837,1916249.036718
935626.091540,1916248.686100
935625.547763,1916248.324184
935624.977721,1916248.006844
935624.390367,1916247.745104
935623.776919,1916247.550125
935623.154857,1916247.388493
935622.665906,1916247.236933
935621.910904,1916247.087414
935621.271786,1916247.014661
935620.606403,1916246.986483
935619.949719,1916246.936051
935619.293289,1916246.918898
935618.681032,1916246.879219
935618.033556,1916246.873091
935617.385399,1916246.778220
935616.791474,1916246.816055
935616.206247,1916246.831637
935615.550072,1916246.847762
935614.893813,1916246.852795
935614.246337,1916246.846667
935613.616513,1916246.829310
935612.995047,1916246.745329
935612.338617,1916246.728176
935611.797051,1916246.654675
935611.123055,1916246.659844
935610.439851,1916246.620710
935609.783336,1916246.592465
935609.108915,1916246.542170
935608.443617,1916246.525086
935607.787102,1916246.496841
935607.121890,1916246.490850
935606.456677,1916246.484858
935605.800247,1916246.467706
935604.993226,1916246.473896
935604.336882,1916246.467837
935603.689150,1916246.428432
935603.041249,1916246.366840
935602.508891,1916246.337643
935601.727879,1916246.265980
935601.062411,1916246.226710
935600.423378,1916246.165051
935599.784686,1916246.147764
935599.145738,1916246.097198
935598.488968,1916246.035675
935597.823159,1916245.952034
935597.148227,1916245.835183
935596.490776,1916245.684918
935595.895319,1916245.523084
935595.273002,1916245.328175
935594.668336,1916245.122037
935594.019157,1916244.894054
935593.369639,1916244.621700
935592.719950,1916244.327160
935592.274574,1916244.075426
935591.579097,1916243.592648
935591.078553,1916243.086188
935590.649127,1916242.601369
935590.219445,1916242.083272
935589.851416,1916241.509234
935589.677896,1916240.856049
935589.646184,1916240.190683
935589.702816,1916239.480265
935589.804301,1916238.836065
935589.887708,1916238.147628
935589.953634,1916237.492607
935590.001738,1916236.826628
935590.058710,1916236.160582
935590.080635,1916235.550272
935590.093435,1916234.906751
935590.106406,1916234.285417
935590.110424,1916233.653057
935590.114526,1916233.031790
935590.109760,1916232.410591
935590.158290,1916231.800077
935590.179959,1916231.156489
935590.245970,1916230.512560
935590.240779,1916229.835897
935590.297922,1916229.192036
935590.284032,1916228.537627
935590.323438,1916227.893902
935590.318502,1916227.250518
935590.340256,1916226.618022
935590.353142,1916225.985594
935590.383765,1916225.353031
935590.405604,1916224.731628
935590.401604,1916224.210264
935590.449198,1916223.477729
935590.453130,1916222.834277
935590.492706,1916222.212738
935590.487770,1916221.569353
935590.545083,1916220.947678
935590.575791,1916220.326207
935590.562157,1916219.705077
935590.513049,1916219.084218
935590.490887,1916218.507527
935590.539502,1916217.908105
935590.578993,1916217.275473
935590.627438,1916216.653866
935590.674861,1916215.899145
935590.705399,1916215.255489
935590.735681,1916214.578554
935590.775087,1916213.934829
935590.761112,1916213.269327
935590.765215,1916212.648060
935590.724805,1916212.004948
935590.746560,1916211.372452
935590.741454,1916210.706882
935590.780945,1916210.074250
935590.811312,1916209.408408
935590.841765,1916208.753659
935590.854566,1916208.110138
935590.876235,1916207.466550
935590.889036,1916206.823029
935590.866278,1916206.168688
935590.878994,1916205.514075
935590.882671,1916204.837344
935590.948682,1916204.193415
935590.988003,1916203.538598
935591.000975,1916202.917263
935591.013775,1916202.273742
935591.044398,1916201.641178
935591.021640,1916200.986837
935590.963579,1916200.354954
935590.958558,1916199.700477
935590.926762,1916199.024018
935590.948005,1916198.324965
935590.916039,1916197.626321
935590.919631,1916196.938497
935590.905486,1916196.250809
935590.930049,1916195.984377
935590.948314,1916194.897075
935591.005117,1916194.208843
935591.017492,1916193.509858
935591.021084,1916192.822035
935591.024676,1916192.134211
935591.028013,1916191.413109
935591.076118,1916190.747130
935591.052934,1916190.037325
935591.056441,1916189.338408
935591.086639,1916188.650380
935591.099099,1916187.962489
935591.084869,1916187.263708
935591.097330,1916186.575816
935591.083100,1916185.877036
935591.077654,1916185.167094
935591.063509,1916184.479407
935591.102575,1916183.791311
935591.106167,1916183.103487
935591.145488,1916182.448669
935591.149336,1916181.794124
935591.179788,1916181.139375
935591.201458,1916180.495786
935591.196182,1916179.808030
935591.199944,1916179.142392
935591.221443,1916178.476618
935591.216592,1916177.844327
935591.230159,1916177.300642
935591.259761,1916176.534964
935591.272307,1916175.858165
935591.284938,1916175.192459
935591.278725,1916174.382682
935591.247865,1916173.828244
935591.225022,1916173.162810
935591.255475,1916172.508061
935591.268021,1916171.831262
935591.325164,1916171.187401
935591.355106,1916170.466095
935591.465290,1916169.799640
935591.485938,1916169.022938
935591.489530,1916168.335114
935591.501991,1916167.647222
935591.540972,1916166.948034
935591.598115,1916166.304173
935591.646305,1916165.649288
935591.730054,1916165.005223
935591.786772,1916164.305898
935591.835047,1916163.662105
935591.848443,1916163.096235
935591.815626,1916162.286662
935591.819303,1916161.609931
935591.858539,1916160.944021
935591.853348,1916160.267358
935591.910237,1916159.590219
935591.931651,1916158.913352
935591.962104,1916158.258602
935591.983773,1916157.615014
935592.023095,1916156.960197
935592.017989,1916156.294627
935592.057225,1916155.628716
935592.096376,1916154.951713
935592.144396,1916154.274642
935592.174934,1916153.630986
935592.196434,1916152.965211
935592.201388,1916152.454873
935592.204129,1916151.656121
935592.216675,1916150.979322
935592.229136,1916150.291430
935592.277496,1916149.658731
935592.290297,1916149.015210
935592.276408,1916148.360801
935592.306861,1916147.706052
935592.301755,1916147.040482
935592.314471,1916146.385868
935592.300411,1916145.709273
935592.295391,1916145.054796
935592.299068,1916144.378065
935592.311784,1916143.723452
935592.297980,1916143.080136
935592.328348,1916142.414294
935592.314459,1916141.759884
935592.291956,1916141.138822
935592.313796,1916140.517419
935592.353118,1916139.862602
935592.445820,1916139.229562
935592.511833,1916138.585633
935592.604535,1916137.952593
935592.688114,1916137.286343
935592.834113,1916136.663987
935592.935769,1916136.041972
935593.063861,1916135.397568
935593.227341,1916134.741798
935593.408644,1916134.096985
935593.616552,1916133.451967
935593.833414,1916132.817975
935594.050275,1916132.183983
935594.302526,1916131.538625
935594.579851,1916130.693393
935594.894521,1916130.091931
935595.244836,1916129.512382
935595.612973,1916128.943791
935596.008056,1916128.419366
935596.508709,1916127.783197
935596.878208,1916127.392090
935597.414846,1916126.822206
935597.802252,1916126.453149
935598.445483,1916125.904634
935598.877572,1916125.579609
935599.565145,1916125.030754
935600.129836,1916124.649244
935600.721217,1916124.278623
935601.215896,1916124.019678
935601.940305,1916123.648036
935602.603656,1916123.409985
935603.267177,1916123.194120
935603.824616,1916123.023442
935604.638816,1916122.795327
935605.302762,1916122.634926
935605.975747,1916122.496642
935606.666554,1916122.369316
935607.171633,1916122.309974
935607.968778,1916122.170739
935608.659755,1916122.065598
935609.351158,1916122.015921
935610.024993,1916121.988566
935610.690386,1916122.016744
935611.329003,1916122.022939
935611.994311,1916122.040024
935612.668317,1916122.034855
935613.315973,1916122.063169
935613.954590,1916122.069365
935614.557903,1916122.098018
935615.187907,1916122.137561
935615.827034,1916122.210314
935616.483303,1916122.205281
935617.139742,1916122.222434
935617.769746,1916122.261977
935618.399664,1916122.290427
935619.011846,1916122.319013
935619.650378,1916122.314117
935620.297864,1916122.320245
935620.971955,1916122.326170
935621.610827,1916122.365645
935622.258483,1916122.393959
935622.897440,1916122.444527
935623.536142,1916122.461817
935624.166060,1916122.490267
935624.813631,1916122.507489
935625.435106,1916122.591471
935626.012239,1916122.675794
935626.615637,1916122.715542
935627.227564,1916122.710850
935627.901740,1916122.727868
935628.540527,1916122.756250
935629.196796,1916122.751219
935629.862103,1916122.768305
935630.491427,1916122.719106
935631.138912,1916122.725235
935631.795351,1916122.742389
935632.451875,1916122.770636
935633.126391,1916122.832026
935633.809776,1916122.893348
935634.493076,1916122.943577
935635.184904,1916122.949366
935635.876817,1916122.966249
935636.568730,1916122.983132
935637.233867,1916122.978032
935637.934648,1916122.994847
935638.617268,1916122.956334
935639.424046,1916122.916869
935639.964854,1916122.890536
935640.789029,1916122.806564
935641.471224,1916122.712586
935642.144379,1916122.596491
935642.799458,1916122.436161
935643.454281,1916122.242552
935644.073460,1916122.027030
935644.701508,1916121.811440
935645.311564,1916121.562707
935645.912582,1916121.291856
935646.486398,1916120.943560
935647.015447,1916120.540139
935647.526164,1916120.059205
935647.992709,1916119.600796
935648.335520,1916119.198803
935648.801129,1916118.618373
935649.151618,1916118.061012
935649.404553,1916117.504399
935649.577587,1916116.937305
935649.750281,1916116.325840
935649.807430,1916115.681980
935649.873361,1916115.026959
935649.957115,1916114.382895
935650.023047,1916113.727874
935650.115754,1916113.094835
935650.199423,1916112.439678
935650.283517,1916111.839985
935650.331967,1916111.218379
935650.380332,1916110.585680
935650.410704,1916109.919838
935650.414557,1916109.265293
935650.409370,1916108.588630
935650.413223,1916107.934085
935650.381431,1916107.257626
935650.376245,1916106.580963
935650.362105,1916105.893275
935650.365787,1916105.216544
935650.298351,1916104.518172
935650.266389,1916103.819527
935650.190255,1916103.143408
935650.149594,1916102.467017
935650.100151,1916101.801787
935650.050622,1916101.125464
935649.983356,1916100.449277
935649.915920,1916099.750905
935649.857522,1916099.074650
935649.790001,1916098.365184
935649.766823,1916097.655379
935649.752598,1916096.956598
935649.720636,1916096.257954
935649.671022,1916095.570538
935649.586104,1916094.905580
935649.483024,1916094.185293
935649.380368,1916093.520471
935649.259721,1916092.822506
935649.165850,1916092.146523
935649.063449,1916091.514980
935648.951926,1916090.850225
935648.813796,1916090.185675
935648.684365,1916089.498871
935648.528244,1916088.801178
935648.381076,1916088.114510
935648.251475,1916087.405520
935648.104137,1916086.696667
935647.965752,1916085.998838
935647.791809,1916085.290188
935647.618035,1916084.603724
935647.444091,1916083.895074
935647.252665,1916083.219839
935647.043417,1916082.533647
935646.825471,1916081.869708
935646.544509,1916081.084225
935646.326818,1916080.453565
935646.172056,1916079.933357
935645.909002,1916079.169923
935645.736418,1916078.638759
935645.517621,1916077.863892
935645.308798,1916077.233164
935645.135194,1916076.568885
935644.935069,1916075.915904
935644.725906,1916075.240804
935644.543518,1916074.587687
935644.370084,1916073.945594
935644.277573,1916073.447097
935644.059115,1916072.716601
935643.903503,1916072.085465
935643.685812,1916071.454805
935643.521501,1916070.845923
935643.304234,1916070.270728
935643.104619,1916069.684303
935642.869275,1916069.064872
935642.625063,1916068.445509
935642.363198,1916067.837374
935642.145761,1916067.239993
935641.946146,1916066.653568
935641.728879,1916066.078373
935641.555785,1916065.480651
935641.311827,1916064.894567
935641.094220,1916064.275000
935640.814702,1916063.678094
935640.570404,1916063.047638
935640.317493,1916062.450529
935640.046674,1916061.831370
935639.749250,1916061.212415
935639.469477,1916060.582231
935639.163099,1916059.952251
935638.892195,1916059.321999
935638.630160,1916058.691679
935638.394985,1916058.094434
935638.141988,1916057.486231
935637.889076,1916056.889122
935637.600605,1916056.281192
935637.347778,1916055.695175
935637.077044,1916055.087109
935636.868220,1916054.456381
935636.650442,1916053.814629
935636.468138,1916053.172604
935636.268268,1916052.552901
935636.051595,1916052.055356
935635.726714,1916051.325676
935635.438242,1916050.717746
935635.185160,1916050.098451
935634.905387,1916049.468267
935634.643436,1916048.849040
935634.363918,1916048.252135
935634.084315,1916047.644137
935633.822449,1916047.036003
935633.516240,1916046.428209
935633.210116,1916045.831508
935632.930597,1916045.234602
935632.615520,1916044.626876
935632.309396,1916044.030175
935631.985364,1916043.411424
935631.696892,1916042.803494
935631.408250,1916042.173378
935631.128817,1916041.587566
935630.858167,1916040.990593
935630.578648,1916040.393688
935630.307998,1916039.796715
935630.028479,1916039.199809
935629.722355,1916038.603108
935629.433967,1916038.006271
935629.172016,1916037.387044
935628.874760,1916036.790275
935628.577334,1916036.171321
935628.262510,1916035.596873
935627.965595,1916035.044475
935627.587585,1916034.326297
935627.254855,1916033.729800
935626.957429,1916033.110845
935626.668956,1916032.502916
935626.452367,1916032.016463
935626.172593,1916031.386279
935625.865447,1916030.656464
935625.550369,1916030.048739
935625.262066,1916029.462994
935624.946987,1916028.855269
935624.676421,1916028.269388
935624.388203,1916027.694737
935624.126591,1916027.119882
935623.802984,1916026.556595
935623.532588,1916025.992901
935623.226548,1916025.407293
935622.911554,1916024.810660
935622.596730,1916024.236213
935622.308171,1916023.617190
935621.993262,1916023.031650
935621.678268,1916022.435017
935621.372312,1916021.860502
935621.066187,1916021.263801
935620.751277,1916020.678261
935620.409762,1916020.092925
935620.077116,1916019.507522
935619.700041,1916018.911365
935619.411652,1916018.314528
935619.078920,1916017.718031
935618.746189,1916017.121535
935618.413457,1916016.525038
935618.072026,1916015.950795
935617.739464,1916015.376484
935617.433253,1916014.768690
935617.144779,1916014.160761
935616.829614,1916013.541942
935616.514619,1916012.945310
935616.217021,1916012.304170
935615.937416,1916011.696172
935615.622335,1916011.088447
935615.324822,1916010.458400
935615.009827,1916009.861767
935614.686049,1916009.276295
935614.415311,1916008.668230
935614.197786,1916008.059756
935613.962523,1916007.451419
935613.718307,1916006.832057
935613.491912,1916006.223651
935613.229873,1916005.593332
935613.012263,1916004.973766
935612.794567,1916004.343107
935612.603477,1916003.712243
935612.412302,1916003.070287
935612.221212,1916002.439424
935612.003431,1916001.797672
935611.821209,1916001.166741
935611.576992,1916000.547379
935611.332861,1915999.939110
935611.079860,1915999.330908
935610.817906,1915998.711682
935610.547083,1915998.092524
935610.285469,1915997.517669
935609.997079,1915996.920833
935609.699650,1915996.301878
935609.402477,1915995.716203
935609.104962,1915995.086156
935608.860660,1915994.455701
935608.589922,1915993.847636
935608.337006,1915993.250527
935608.075392,1915992.675672
935607.813693,1915992.089725
935607.525387,1915991.503981
935607.201522,1915990.907417
935606.805432,1915990.145004
935606.508003,1915989.526050
935606.210743,1915988.929282
935605.886708,1915988.310532
935605.580410,1915987.691646
935605.247761,1915987.106243
935604.950502,1915986.509475
935604.600030,1915985.913115
935604.302771,1915985.316346
935603.970122,1915984.730943
935603.663909,1915984.123150
935603.331260,1915983.537747
935603.042954,1915982.952003
935602.745864,1915982.377421
935602.439651,1915981.769628
935602.124654,1915981.172996
935601.827309,1915980.565135
935601.512141,1915979.946317
935601.161499,1915979.327771
935600.837718,1915978.742300
935600.505069,1915978.156897
935600.172334,1915977.560401
935599.812994,1915976.964109
935599.497996,1915976.367477
935599.129702,1915975.760160
935598.778974,1915975.130522
935598.410595,1915974.512112
935598.060037,1915973.904660
935597.700611,1915973.297275
935597.350054,1915972.689822
935597.017404,1915972.104419
935596.675630,1915971.485806
935596.360462,1915970.866988
935596.045209,1915970.237078
935595.774299,1915969.606827
935595.450262,1915968.988078
935595.152916,1915968.380217
935594.802188,1915967.750579
935594.532384,1915967.264535
935594.199564,1915966.656947
935593.847814,1915965.894195
935593.550809,1915965.330705
935593.280324,1915964.755919
935592.965496,1915964.181473
935592.650497,1915963.584841
935592.308553,1915962.944042
935591.975391,1915962.292082
935591.677705,1915961.639850
935591.353582,1915961.010008
935591.003024,1915960.402556
935590.652465,1915959.795103
935590.319559,1915959.176422
935589.969086,1915958.580062
935589.654002,1915957.972338
935589.330049,1915957.364682
935589.014880,1915956.745864
935588.682059,1915956.138276
935588.358106,1915955.530620
935587.998849,1915954.945421
935587.666027,1915954.337833
935587.333461,1915953.763523
935587.018462,1915953.166891
935586.685725,1915952.570396
935586.370811,1915951.984857
935586.037989,1915951.377269
935585.731688,1915950.758384
935585.434256,1915950.139430
935585.118916,1915949.498428
935584.812530,1915948.868450
935584.434343,1915948.128088
935584.173492,1915947.653069
935583.777823,1915946.946122
935583.517227,1915946.504382
935583.121814,1915945.830713
935582.878615,1915945.344465
935582.500513,1915944.615196
935582.211864,1915943.985082
935581.852435,1915943.377698
935581.501875,1915942.770246
935581.142362,1915942.151769
935580.827277,1915941.544045
935580.512191,1915940.936321
935580.170415,1915940.317708
935579.864198,1915939.709916
935579.557897,1915939.091031
935579.242811,1915938.483307
935578.909989,1915937.875719
935578.577251,1915937.279224
935578.235559,1915936.671704
935577.893953,1915936.075277
935577.552261,1915935.467757
935577.237176,1915934.860033
935576.868793,1915934.241625
935576.553451,1915933.600622
935576.176370,1915933.004467
935575.852330,1915932.385718
935575.528546,1915931.800248
935575.222414,1915931.203549
935574.862899,1915930.585073
935574.538945,1915929.977417
935574.215075,1915929.380854
935573.873298,1915928.762241
935573.540559,1915928.165746
935573.172091,1915927.536245
935572.839182,1915926.917564
935572.515057,1915926.287723
935572.226321,1915925.646516
935571.937841,1915925.038588
935571.649446,1915924.441753
935571.316877,1915923.867444
935571.010830,1915923.281838
935570.687385,1915922.740739
935570.372639,1915922.177387
935570.066762,1915921.613966
935569.787320,1915921.028156
935569.499010,1915920.442414
935569.201831,1915919.856740
935568.904566,1915919.259973
935568.571998,1915918.685663
935568.266120,1915918.122243
935567.960327,1915917.569915
935567.690350,1915917.061687
935567.393596,1915916.531477
935567.123108,1915915.956692
935566.808192,1915915.371154
935566.475537,1915914.785752
935566.151666,1915914.189189
935565.827881,1915913.603719
935565.530701,1915913.018045
935565.171355,1915912.421755
935564.838871,1915911.858539
935564.532823,1915911.272933
935564.270948,1915910.664801
935563.955860,1915910.057077
935563.658595,1915909.460310
935563.343763,1915908.885865
935563.046328,1915908.266913
935562.731325,1915907.670282
935562.416238,1915907.062559
935562.065760,1915906.466200
935561.643056,1915905.703994
935561.382202,1915905.228976
935561.058245,1915904.621321
935560.698133,1915903.925195
935560.437364,1915903.461270
935560.086035,1915902.753984
935559.807358,1915902.268009
935559.411515,1915901.538877
935559.034516,1915900.953816
935558.719428,1915900.346093
935558.315482,1915899.716864
935558.000564,1915899.131327
935557.721291,1915898.567703
935557.379596,1915897.960184
935557.073377,1915897.352392
935556.740295,1915896.711527
935556.407384,1915896.092847
935556.056650,1915895.463210
935555.714700,1915894.822413
935555.417179,1915894.192368
935555.110788,1915893.562391
935554.777792,1915892.932618
935554.453494,1915892.280591
935554.147274,1915891.672800
935553.832185,1915891.065077
935553.517096,1915890.457354
935553.202092,1915889.860724
935552.878219,1915889.264161
935552.580953,1915888.667395
935552.283431,1915888.037350
935552.003646,1915887.407169
935551.679433,1915886.766236
935551.355560,1915886.169674
935551.013950,1915885.573248
935550.672339,1915884.976822
935550.357420,1915884.391284
935550.024679,1915883.794790
935549.700720,1915883.187135
935549.358939,1915882.568524
935549.017073,1915881.938819
935548.648771,1915881.331505
935548.333682,1915880.723782
935547.991900,1915880.105170
935547.694463,1915879.486218
935547.352682,1915878.867607
935547.054819,1915878.193191
935546.730775,1915877.574443
935546.397777,1915876.944671
935546.064779,1915876.314899
935545.740650,1915875.685058
935545.389915,1915875.055422
935545.012658,1915874.437083
935544.662093,1915873.829632
935544.302574,1915873.211157
935543.969746,1915872.603571
935543.627964,1915871.984959
935543.304090,1915871.388397
935542.997613,1915870.747328
935542.682437,1915870.128513
935542.367262,1915869.509697
935542.043217,1915868.890950
935541.701521,1915868.283431
935541.395128,1915867.653455
935541.062300,1915867.045868
935540.729387,1915866.427189
935540.405597,1915865.841720
935540.063986,1915865.245294
935539.713420,1915864.637844
935539.389375,1915864.019097
935539.100975,1915863.422263
935538.785969,1915862.825633
935538.462095,1915862.229071
935538.138220,1915861.632510
935537.769235,1915860.936453
935537.517247,1915860.461368
935537.165744,1915859.731897
935536.850483,1915859.101988
935536.553044,1915858.483037
935536.220300,1915857.886543
935535.887641,1915857.301143
935535.572550,1915856.693420
935535.257458,1915856.085698
935535.023293,1915855.621569
935534.654393,1915854.936606
935534.357379,1915854.373118
935534.033504,1915853.776557
935533.718497,1915853.179927
935533.385327,1915852.527970
935533.069980,1915851.886969
935532.728112,1915851.257265
935532.377374,1915850.627630
935532.044289,1915849.986765
935531.711374,1915849.368086
935531.307680,1915848.772137
935530.948244,1915848.164756
935530.562372,1915847.579764
935530.247109,1915846.949856
935529.905496,1915846.353431
935529.617010,1915845.745504
935529.301832,1915845.126689
935528.977701,1915844.496849
935528.591573,1915843.878579
935528.205530,1915843.271402
935527.801835,1915842.675453
935527.451352,1915842.079096
935527.118607,1915841.482603
935526.812213,1915840.852627
935526.514858,1915840.244769
935526.190726,1915839.614929
935525.902240,1915839.007003
935525.578278,1915838.399349
935525.307529,1915837.791286
935524.992607,1915837.205750
935524.668560,1915836.587003
935524.353807,1915836.023653
935524.047413,1915835.393677
935523.723706,1915834.819301
935523.408443,1915834.189394
935523.084737,1915833.615018
935522.734168,1915833.007569
935522.436812,1915832.399710
935522.041559,1915831.748230
935521.708558,1915831.118459
935521.322429,1915830.500189
935520.989427,1915829.870417
935520.656426,1915829.240646
935520.332293,1915828.610807
935519.990593,1915828.003289
935519.666290,1915827.351264
935519.351111,1915826.732449
935518.982719,1915826.114043
935518.640934,1915825.495433
935518.272542,1915824.877027
935517.921717,1915824.236299
935517.544541,1915823.629054
935517.194143,1915823.043790
935516.834704,1915822.436409
935516.519610,1915821.828687
935516.204516,1915821.220966
935515.987916,1915820.734516
935515.618672,1915820.005182
935515.268188,1915819.408825
935514.864831,1915818.857249
935514.497035,1915818.316493
935514.030660,1915817.643372
935513.680345,1915817.069201
935513.294811,1915816.528582
935512.917976,1915815.965708
935512.585570,1915815.413587
935512.235085,1915814.817231
935511.893725,1915814.254085
935511.588691,1915813.801595
935511.140394,1915813.172709
935510.710430,1915812.621337
935510.316027,1915812.080786
935509.912840,1915811.551395
935509.571735,1915811.021528
935509.186201,1915810.480908
935508.845096,1915809.951041
935508.486338,1915809.432403
935508.091849,1915808.880759
935507.688747,1915808.362461
935507.241642,1915807.888875
935506.794366,1915807.393104
935506.373527,1915806.874943
935505.935205,1915806.390196
935505.470276,1915805.905654
935504.996564,1915805.432273
935504.496331,1915804.970189
935504.004966,1915804.508037
935503.495864,1915804.046021
935503.030935,1915803.561479
935502.548439,1915803.099259
935502.092464,1915802.625742
935501.743342,1915802.206871
935501.241233,1915801.500745
935500.908144,1915800.859882
935500.619399,1915800.218678
935500.383782,1915799.565972
935500.165646,1915798.879852
935500.044813,1915798.159703
935500.012582,1915797.427781
935500.087119,1915796.739412
935500.259127,1915796.039202
935500.564595,1915795.393433
935500.959006,1915794.780262
935501.416096,1915794.244264
935501.953517,1915793.774209
935502.527181,1915793.403718
935503.118923,1915793.077461
935503.737612,1915792.795372
935504.356812,1915792.579840
935505.011914,1915792.419499
935505.685862,1915792.403229
935506.351963,1915792.520141
935506.992650,1915792.792557
935507.572022,1915793.165285
935508.010174,1915793.627846
935508.404322,1915794.135119
935508.683431,1915794.676556
935508.988891,1915795.184510
935509.267915,1915795.714855
935509.538241,1915796.267452
935509.790999,1915796.842372
935510.043671,1915797.406199
935510.323036,1915797.980915
935510.549272,1915798.567132
935510.802200,1915799.164237
935511.072696,1915799.739021
935511.352401,1915800.358108
935511.569939,1915800.966579
935511.903539,1915801.673999
935512.121077,1915802.282470
935512.383044,1915802.901693
935512.653880,1915803.520848
935512.960106,1915804.128638
935513.248509,1915804.725471
935513.554821,1915805.344354
935513.842968,1915805.907908
935514.095640,1915806.471735
935514.375089,1915807.057544
935514.601581,1915807.677039
935514.845981,1915808.318585
935515.054735,1915808.938216
935515.281226,1915809.557712
935515.481111,1915810.177412
935515.769429,1915810.763152
935516.013317,1915811.338141
935516.310077,1915811.868349
935516.527530,1915812.465727
935516.806808,1915813.029350
935517.218778,1915813.547580
935517.630748,1915814.065810
935518.033934,1915814.595200
935518.419127,1915815.091449
935518.795707,1915815.621044
935519.119158,1915816.162141
935519.451138,1915816.658798
935519.675926,1915817.056438
935519.873851,1915817.421003
935520.054038,1915817.785704
935520.243265,1915818.172523
935520.513078,1915818.658564
935520.773000,1915819.011559
935521.006059,1915819.331481
935521.166976,1915819.496647
935521.495548,1915819.549591
935521.672499,1915819.492765
935521.735858,1915819.658681
935521.816444,1915819.757903
935521.790264,1915819.813572
935521.754959,1915819.836030
