955787.717974,1951239.439054,-2.026280,894.346837
955787.757792,1951239.339330,-1.190013,0.014826
955787.795474,1951239.245459,-1.188317,0.037004
955787.829221,1951239.161775,-1.186545,0.008603
955787.871030,1951239.058602,-1.185020,0.040583
955787.905010,1951238.975160,-1.183088,0.002752
955787.946091,1951238.874797,-1.181319,0.051553
955787.984115,1951238.782430,-1.179261,0.003832
955788.021601,1951238.691897,-1.177068,0.024220
955788.060688,1951238.598103,-1.174667,0.034558
955788.100293,1951238.503747,-1.171936,0.011863
955788.140140,1951238.409582,-1.168838,0.045488
955788.179952,1951238.316357,-1.165294,0.057521
955788.219454,1951238.224826,-1.161250,0.038096
955788.257548,1951238.137603,-1.156419,0.061574
955788.296418,1951238.049845,-1.151742,0.040698
955788.339814,1951237.952915,-1.149692,0.031693
955788.378638,1951237.866275,-1.149254,0.004485
955788.418429,1951237.777603,-1.148600,0.002062
955788.459148,1951237.687050,-1.147695,0.010623
955788.500758,1951237.594770,-1.146548,0.020004
955788.543221,1951237.500914,-1.145186,0.005087
955788.585571,1951237.407675,-1.143715,0.032723
955788.623005,1951237.325601,-1.141941,0.018062
955788.666721,1951237.230196,-1.140061,0.037401
955788.712089,1951237.131733,-1.138027,0.044672
955788.751231,1951237.047264,-1.135606,0.033530
955788.796816,1951236.949491,-1.133374,0.018716
955788.835918,1951236.866167,-1.130758,0.006530
955788.876432,1951236.780394,-1.127962,0.022772
955788.923504,1951236.681483,-1.125185,0.047784
955788.963792,1951236.597498,-1.121962,0.011245
955789.005450,1951236.511336,-1.118538,0.058361
955789.053748,1951236.412342,-1.115157,0.047772
955789.095001,1951236.328589,-1.111242,0.060934
955789.137576,1951236.242956,-1.107101,0.039333
955789.186840,1951236.144931,-1.103019,0.040682
955789.228836,1951236.062305,-1.098033,0.111836
955789.279659,1951235.963445,-1.099588,0.120036
955789.320717,1951235.881963,-1.112198,0.211964
955789.368120,1951235.784271,-1.124740,0.080653
955789.406037,1951235.703547,-1.137071,0.118980
955789.450422,1951235.606568,-1.145430,0.113378
955789.493807,1951235.509808,-1.151154,0.012067
955789.529376,1951235.429599,-1.153991,0.010516
955789.572119,1951235.332931,-1.153424,0.007353
955789.615160,1951235.236143,-1.150126,0.066499
955789.651429,1951235.155653,-1.143238,0.063366
955789.695235,1951235.060410,-1.134818,0.104677
955789.734548,1951234.977239,-1.122049,0.111778
955789.782590,1951234.878990,-1.107605,0.210100
955789.831966,1951234.782175,-1.090832,0.207256
955789.877132,1951234.697372,-1.072414,0.140530
955789.923450,1951234.614064,-1.053917,0.222995
955789.971000,1951234.532232,-1.033849,0.185688
955790.023900,1951234.445318,-1.013224,0.226383
955790.078556,1951234.359744,-0.991197,0.216791
955790.136515,1951234.273277,-0.968762,0.242711
955790.198040,1951234.185850,-0.948287,0.225886
955790.249661,1951234.115625,-0.925117,0.180347
955790.318243,1951234.026301,-0.906605,0.245304
955790.375809,1951233.954481,-0.885451,0.154989
955790.438220,1951233.879544,-0.868091,0.195778
955790.501615,1951233.805932,-0.858386,0.007366
955790.567342,1951233.730049,-0.856357,0.032783
955790.635244,1951233.651852,-0.854697,0.075193
955790.707556,1951233.568919,-0.852712,0.023096
955790.760887,1951233.508044,-0.849699,0.051017
955790.834517,1951233.424483,-0.846808,0.022025
955790.900241,1951233.350430,-0.842898,0.046541
955790.969924,1951233.272533,-0.839071,0.021247
955791.030857,1951233.204982,-0.834477,0.066886
955791.100700,1951233.128247,-0.829780,0.037001
955791.171875,1951233.050856,-0.824810,0.056898
955791.233527,1951232.984513,-0.819336,0.001880
955791.298836,1951232.914971,-0.813422,0.089453
955791.376252,1951232.833555,-0.807629,0.063439
955791.440801,1951232.766548,-0.800391,0.050863
955791.517643,1951232.687858,-0.793948,0.115116
955791.583983,1951232.620895,-0.786397,0.037190
955791.654045,1951232.551183,-0.779020,0.083595
955791.724936,1951232.481728,-0.771250,0.073241
955791.793627,1951232.415495,-0.763068,0.034456
955791.863030,1951232.349667,-0.754450,0.097857
955791.936185,1951232.281498,-0.744778,0.119391
955792.019347,1951232.205558,-0.735013,0.077756
955792.094007,1951232.138827,-0.724320,0.091081
955792.166181,1951232.075647,-0.713732,0.131492
955792.238944,1951232.013305,-0.702605,0.104400
955792.315471,1951231.949235,-0.690140,0.127567
955792.402265,1951231.878470,-0.677564,0.142642
955792.480008,1951231.816840,-0.663795,0.059486
955792.555009,1951231.758991,-0.649866,0.230184
955792.633765,1951231.699984,-0.635851,0.085919
955792.709688,1951231.644820,-0.619479,0.227296
955792.799341,1951231.581905,-0.603608,0.191403
955792.879482,1951231.527754,-0.584377,0.141683
955792.970110,1951231.468949,-0.566336,0.204166
955793.051056,1951231.418662,-0.546568,0.216465
955793.128946,1951231.372313,-0.525253,0.154718
955793.220744,1951231.320317,-0.502728,0.351873
955793.316317,1951231.269283,-0.479492,0.171724
955793.395154,1951231.229627,-0.452997,0.217913
955793.489564,1951231.184952,-0.429192,0.258661
955793.589984,1951231.140460,-0.407197,0.183889
955793.674275,1951231.105283,-0.385671,0.247556
955793.763858,1951231.069865,-0.367712,0.105991
955793.851176,1951231.037133,-0.348903,0.214965
955793.955389,1951231.000187,-0.332517,0.198892
955794.049461,1951230.968656,-0.316004,0.133789
955794.140784,1951230.939569,-0.301017,0.120360
955794.237201,1951230.910370,-0.287387,0.162091
955794.330584,1951230.883468,-0.273886,0.120029
955794.428955,1951230.856496,-0.261595,0.056519
955794.524021,1951230.831678,-0.248669,0.171901
955794.636491,1951230.803796,-0.238295,0.164009
955794.720326,1951230.783992,-0.226590,0.005072
955794.821425,1951230.761158,-0.217213,0.163939
955794.918731,1951230.740204,-0.207427,0.076136
955795.016355,1951230.720133,-0.198307,0.054951
955795.114208,1951230.700923,-0.189427,0.130026
955795.216462,1951230.681767,-0.180972,0.107857
955795.318765,1951230.663493,-0.172912,0.094387
955795.416756,1951230.646783,-0.165711,0.033069
955795.501855,1951230.632872,-0.158535,0.022222
955795.599512,1951230.617564,-0.151569,0.128496
955795.713753,1951230.600505,-0.145470,0.072545
955795.798017,1951230.588482,-0.138591,0.078539
955795.898638,1951230.574716,-0.132603,0.038727
955796.011069,1951230.560063,-0.126898,0.019608
955796.106097,1951230.548247,-0.121147,0.072755
955796.200344,1951230.537019,-0.116050,0.036660
955796.297758,1951230.525904,-0.110848,0.117248
955796.410071,1951230.513675,-0.106326,0.007091
955796.501143,1951230.504196,-0.101719,0.061417
955796.591050,1951230.495202,-0.097222,0.082196
955796.710226,1951230.483804,-0.093585,0.004856
955796.800785,1951230.475516,-0.089648,0.025994
955796.889743,1951230.467667,-0.086131,0.041079
955797.002110,1951230.458133,-0.083208,0.087847
955797.097490,1951230.450341,-0.080278,0.006427
955797.190400,1951230.442984,-0.077809,0.029623
955797.297119,1951230.434776,-0.074084,0.086982
955797.397160,1951230.427639,-0.063944,0.114602
955797.494837,1951230.422115,-0.048890,0.198926
955797.590288,1951230.418189,-0.032177,0.112620
955797.698468,1951230.415559,-0.015547,0.195273
955797.801033,1951230.414909,0.001465,0.158287
955797.889838,1951230.415838,0.020269,0.112352
955797.998997,1951230.418921,0.037998,0.252695
955798.105476,1951230.424033,0.055650,0.136798
955798.188329,1951230.429467,0.075008,0.156579
955798.290479,1951230.437934,0.092218,0.220201
955798.393021,1951230.448394,0.110399,0.176853
955798.488533,1951230.459887,0.130073,0.141769
955798.604370,1951230.476039,0.146822,0.231653
955798.701189,1951230.491334,0.164001,0.084397
955798.791861,1951230.507064,0.178695,0.086562
955798.883785,1951230.524314,0.193133,0.190162
955798.995625,1951230.546913,0.204687,0.174130
955799.083370,1951230.565745,0.216936,0.045897
955799.191210,1951230.590019,0.225217,0.128535
955799.282623,1951230.611394,0.232965,0.066372
955799.387617,1951230.636621,0.237664,0.041282
955799.476745,1951230.658418,0.240825,0.019232
955799.568476,1951230.681038,0.241808,0.062695
955799.674632,1951230.707223,0.240985,0.050347
955799.765413,1951230.729437,0.238060,0.080800
955799.866570,1951230.753800,0.238101,0.065178
955799.967717,1951230.778537,0.244400,0.142921
955800.058626,1951230.801695,0.254157,0.039463
955800.151088,1951230.826171,0.264260,0.184552
955800.256494,1951230.855235,0.273729,0.097534
955800.345126,1951230.880652,0.284116,0.014821
955800.435373,1951230.907470,0.294448,0.163000
955800.538382,1951230.939258,0.305072,0.112077
955800.642834,1951230.972798,0.315482,0.056156
955800.728941,1951231.001452,0.326027,0.107400
955800.814574,1951231.030861,0.336569,0.119131
955800.917192,1951231.067317,0.347089,0.115834
955801.019237,1951231.104893,0.357567,0.050917
955801.103523,1951231.136934,0.368956,0.130325
955801.204682,1951231.176597,0.378334,0.066482
955801.288321,1951231.210387,0.389535,0.101888
955801.388807,1951231.252181,0.398727,0.110404
955801.471975,1951231.287759,0.409668,0.088174
955801.571999,1951231.331728,0.418613,0.155629
955801.654872,1951231.369131,0.429224,0.022679
955801.754647,1951231.415322,0.437869,0.106876
955801.837401,1951231.454586,0.447225,0.118650
955801.920159,1951231.494707,0.456383,0.058798
955802.019950,1951231.544207,0.464503,0.114345
955802.102833,1951231.586239,0.474007,0.015211
955802.200630,1951231.636898,0.482043,0.129497
955802.285663,1951231.681896,0.490734,0.074580
955802.368531,1951231.726613,0.499606,0.081514
955802.466183,1951231.780421,0.507812,0.097819
955802.550982,1951231.828143,0.516711,0.069302
955802.633525,1951231.875504,0.525057,0.113533
955802.715903,1951231.923681,0.534243,0.052566
955802.814919,1951231.982821,0.542656,0.161853
955802.896830,1951232.032787,0.552026,0.052514
955802.978480,1951232.083557,0.560628,0.077240
955803.059841,1951232.135128,0.569330,0.035446
955803.140881,1951232.187496,0.578136,0.100754
955803.221572,1951232.240658,0.587983,0.079573
955803.318307,1951232.305774,0.597027,0.096047
955803.398121,1951232.360672,0.607137,0.129931
955803.477489,1951232.416351,0.616445,0.123732
955803.556382,1951232.472807,0.625889,0.103583
955803.634769,1951232.530038,0.635473,0.041888
955803.712621,1951232.588038,0.645200,0.068539
955803.789908,1951232.646804,0.656114,0.125716
955803.882256,1951232.718637,0.666171,0.143646
955803.958192,1951232.779080,0.677444,0.065682
955804.033466,1951232.840276,0.687445,0.111771
955804.102338,1951232.897430,0.698366,0.088579
955804.182120,1951232.965069,0.708351,0.066108
955804.255879,1951233.028963,0.718996,0.156078
955804.331187,1951233.095545,0.728893,0.004331
955804.404255,1951233.161451,0.739569,0.161891
955804.489959,1951233.240391,0.748685,0.089851
955804.556648,1951233.303045,0.759290,0.051354
955804.635840,1951233.378845,0.767933,0.079190
955804.705380,1951233.446668,0.777462,0.080256
955804.778110,1951233.518873,0.786149,0.088789
955804.848536,1951233.590038,0.794922,0.153814
955804.918462,1951233.661923,0.803455,0.072574
955804.987867,1951233.734492,0.811439,0.051121
955805.049693,1951233.800172,0.819324,0.078109
955805.111068,1951233.866349,0.827115,0.110451
955805.178908,1951233.940644,0.834927,0.075708
955805.247866,1951234.017414,0.842865,0.096789
955805.312771,1951234.090848,0.850933,0.027299
955805.378752,1951234.166686,0.858827,0.068650
955805.445738,1951234.244930,0.866663,0.113510
955805.510359,1951234.321630,0.874448,0.065983
955805.572648,1951234.396722,0.882288,0.051776
955805.637473,1951234.476112,0.889895,0.084020
955805.699924,1951234.553822,0.897673,0.093326
955805.761610,1951234.631798,0.905333,0.061048
955805.822512,1951234.710005,0.912852,0.075228
955805.882654,1951234.788424,0.918990,0.052317
955805.942469,1951234.867209,0.923750,0.100021
955806.002024,1951234.946412,0.928616,0.008698
955806.061265,1951235.026041,0.934242,0.054961
955806.126156,1951235.114339,0.940386,0.086668
955806.190529,1951235.203176,0.946422,0.002438
955806.238057,1951235.269642,0.954192,0.113706
955806.305748,1951235.365730,0.960846,0.080576
955806.362497,1951235.447705,0.968561,0.048287
955806.408581,1951235.515322,0.976789,0.073109
955806.464117,1951235.598170,0.985542,0.070058
955806.528664,1951235.696520,0.994380,0.101927
955806.578402,1951235.773975,1.005468,0.084394
955806.636854,1951235.867059,1.015195,0.150903
955806.687589,1951235.949842,1.026634,0.105405
955806.740003,1951236.037521,1.037776,0.066862
955806.790074,1951236.123549,1.049724,0.134439
955806.839072,1951236.210119,1.062049,0.134858
955806.886944,1951236.297238,1.074901,0.137357
955806.933637,1951236.384916,1.088282,0.116042
955806.979096,1951236.473161,1.102199,0.116298
955807.023268,1951236.561980,1.116651,0.190748
955807.066101,1951236.651381,1.131642,0.167768
955807.107540,1951236.741374,1.147175,0.135508
955807.147532,1951236.831966,1.162609,0.195943
955807.183118,1951236.916128,1.180087,0.162784
955807.223024,1951237.015247,1.196785,0.186384
955807.258607,1951237.108459,1.214644,0.151208
955807.293675,1951237.205154,1.230779,0.191599
955807.326517,1951237.300419,1.246117,0.109308
955807.357276,1951237.394105,1.260864,0.134853
955807.388373,1951237.493564,1.274509,0.191999
955807.417472,1951237.591288,1.286492,0.059098
955807.439770,1951237.669445,1.298983,0.122017
955807.466811,1951237.768308,1.309610,0.123355
955807.492763,1951237.867698,1.320863,0.133510
955807.517670,1951237.967538,1.331497,0.074941
955807.541572,1951238.067749,1.341655,0.092889
955807.565088,1951238.170836,1.350987,0.102564
955807.586532,1951238.268981,1.359557,0.113360
955807.605545,1951238.359496,1.367507,0.047432
955807.624395,1951238.452658,1.374966,0.069930
955807.644047,1951238.553580,1.382045,0.062231
955807.662939,1951238.654426,1.388913,0.072335
955807.681113,1951238.755117,1.395277,0.065918
955807.698612,1951238.855577,1.401145,0.062682
955807.715478,1951238.955727,1.406523,0.033562
955807.731752,1951239.055492,1.411416,0.049278
955807.747477,1951239.154793,1.415826,0.027192
955807.762694,1951239.253553,1.419753,0.046928
955807.777446,1951239.351696,1.423079,0.039899
955807.790687,1951239.441675,1.427568,0.010273
955807.805490,1951239.546153,1.434248,0.111320
955807.818359,1951239.643064,1.443042,0.112517
955807.830694,1951239.742354,1.451306,0.053121
955807.841892,1951239.839058,1.459458,0.077656
955807.852029,1951239.933181,1.467595,0.077177
955807.861891,1951240.032149,1.476216,0.110153
955807.872437,1951240.148290,1.484007,0.073821
955807.880157,1951240.242072,1.492560,0.071529
955807.887520,1951240.340675,1.500001,0.059632
955807.893959,1951240.436695,1.507512,0.106901
955807.899682,1951240.532598,1.514803,0.051316
955807.904704,1951240.628381,1.522695,0.077162
955807.909843,1951240.743650,1.529725,0.089691
955807.913367,1951240.839162,1.537333,0.100509
955807.916234,1951240.934548,1.544094,0.009684
955807.918459,1951241.029805,1.551397,0.074255
955807.920307,1951241.144429,1.557890,0.080896
955807.921165,1951241.239397,1.564901,0.070877
955807.921426,1951241.334230,1.571117,0.078146
955807.921105,1951241.428925,1.577817,0.065146
955807.919963,1951241.542861,1.583757,0.069150
955807.918405,1951241.637248,1.590156,0.025658
955807.916311,1951241.731492,1.596387,0.047489
955807.913092,1951241.844873,1.601940,0.086185
955807.909854,1951241.938764,1.608432,0.056969
955807.906038,1951242.032198,1.615602,0.062772
955807.900646,1951242.144158,1.622276,0.069179
955807.895508,1951242.236588,1.629704,0.074493
955807.889766,1951242.328641,1.637197,0.080392
955807.882039,1951242.439147,1.644029,0.085125
955807.874954,1951242.530545,1.652298,0.082844
955807.865600,1951242.640406,1.659171,0.049698
955807.857159,1951242.731388,1.667457,0.098781
955807.846162,1951242.840892,1.674314,0.076088
955807.836349,1951242.931699,1.682546,0.066173
955807.823692,1951243.041137,1.689332,0.090064
955807.812495,1951243.132008,1.696753,0.003483
955807.800665,1951243.222988,1.704099,0.110368
955807.785564,1951243.332844,1.710680,0.065854
955807.772329,1951243.424237,1.718415,0.056011
955807.755893,1951243.532381,1.724877,0.101691
955807.740872,1951243.626783,1.731704,0.002683
955807.725570,1951243.719206,1.738473,0.080952
955807.706684,1951243.828767,1.744554,0.105054
955807.689522,1951243.924580,1.750946,0.001225
955807.672123,1951244.018539,1.756735,0.100992
955807.654063,1951244.113081,1.762302,0.033486
955807.635341,1951244.208255,1.767940,0.066714
955807.612090,1951244.323227,1.771367,0.009064
955807.593079,1951244.416132,1.773724,0.027573
955807.574350,1951244.506644,1.776577,0.074308
955807.551967,1951244.613091,1.779869,0.021571
955807.533392,1951244.699689,1.784744,0.031572
955807.510803,1951244.802549,1.790060,0.093455
955807.487772,1951244.904403,1.796597,0.086899
955807.464580,1951245.003767,1.803364,0.044439
955807.443718,1951245.090405,1.811104,0.040795
955807.418731,1951245.190875,1.818827,0.073629
955807.391885,1951245.295082,1.826660,0.080559
955807.367816,1951245.385509,1.835239,0.095515
955807.338552,1951245.492045,1.842481,0.098110
955807.312257,1951245.584953,1.850203,0.048036
955807.283727,1951245.683133,1.856905,0.092006
955807.255029,1951245.779491,1.862843,0.016091
955807.230380,1951245.860579,1.869076,0.049636
955807.196815,1951245.968837,1.873782,0.078975
955807.169354,1951246.055792,1.878881,0.032783
955807.140557,1951246.145628,1.883344,0.052210
955807.106353,1951246.250761,1.887100,0.019175
955807.077636,1951246.337876,1.891043,0.047016
955807.044376,1951246.437630,1.894342,0.045871
955807.009508,1951246.541046,1.897173,0.043787
955806.982561,1951246.620255,1.900073,0.007500
955806.948472,1951246.719662,1.902331,0.013747
955806.915517,1951246.815014,1.904950,0.049550
955806.882305,1951246.910251,1.907883,0.030755
955806.850096,1951247.001686,1.910863,0.041848
955806.816374,1951247.096598,1.913481,0.022047
955806.779648,1951247.199152,1.915652,0.025992
955806.747903,1951247.287212,1.917816,0.047955
955806.710180,1951247.391239,1.919510,0.015595
955806.676371,1951247.483962,1.921160,0.053836
955806.643432,1951247.573889,1.922587,0.033445
955806.609734,1951247.665505,1.923925,0.011546
955806.573487,1951247.763659,1.925058,0.018491
955806.543947,1951247.843372,1.926282,0.063966
955806.506386,1951247.944400,1.927296,0.015453
955806.470086,1951248.041705,1.928372,0.001108
955806.433227,1951248.140202,1.929291,0.032842
955806.401783,1951248.223998,1.930246,0.009215
955806.364000,1951248.324428,1.931017,0.009765
955806.331835,1951248.409707,1.931876,0.049820
955806.295303,1951248.506339,1.932635,0.010698
955806.258437,1951248.603623,1.933392,0.014647
955806.223343,1951248.696023,1.934123,0.010969
955806.188011,1951248.788856,1.934792,0.017253
955806.154565,1951248.876559,1.935501,0.024335
955806.114639,1951248.981038,1.936115,0.006129
955806.080871,1951249.069230,1.936772,0.066596
955806.046993,1951249.157550,1.937357,0.038804
955806.013030,1951249.245937,1.937987,0.016283
955805.972623,1951249.350902,1.938551,0.001006
955805.938559,1951249.439228,1.939211,0.013374
955805.898099,1951249.543950,1.939757,0.016289
955805.864049,1951249.631927,1.940331,0.010092
955805.832166,1951249.714174,1.940932,0.025718
955805.789752,1951249.823403,1.941446,0.034081
955805.755928,1951249.910356,1.942056,0.029314
955805.720123,1951250.002253,1.942614,0.007897
955805.682394,1951250.098925,1.943139,0.017775
955805.651120,1951250.178930,1.943763,0.052849
955805.609694,1951250.284727,1.944291,0.035581
955805.574759,1951250.373786,1.944921,0.016511
955805.538079,1951250.467130,1.945507,0.079429
955805.501754,1951250.559410,1.946100,0.034942
955805.467803,1951250.645508,1.946754,0.011390
955805.428342,1951250.745388,1.947387,0.011870
955805.391379,1951250.838759,1.948106,0.006375
955805.353066,1951250.935337,1.948808,0.036397
955805.317278,1951251.025359,1.949572,0.006350
955805.280293,1951251.118189,1.950345,0.027738
955805.244057,1951251.208923,1.951235,0.008284
955805.203374,1951251.310525,1.952083,0.038031
955805.170611,1951251.392122,1.953165,0.000796
955805.130388,1951251.492007,1.954198,0.021148
955805.093127,1951251.584219,1.955469,0.048664
955805.055665,1951251.676581,1.956817,0.052831
955805.021171,1951251.761272,1.958861,0.040974
955804.981909,1951251.857005,1.961494,0.059163
955804.942360,1951251.952621,1.964486,0.006980
955804.905299,1951252.041441,1.967687,0.044463
955804.867929,1951252.130204,1.971097,0.042394
955804.827756,1951252.224696,1.974658,0.038249
955804.788773,1951252.315429,1.978491,0.001663
955804.750910,1951252.402624,1.982959,0.080321
955804.703590,1951252.510267,1.986919,0.017886
955804.668017,1951252.590195,1.991934,0.033231
955804.625606,1951252.684363,1.996454,0.068549
955804.582247,1951252.779376,2.001279,0.033506
955804.541095,1951252.868401,2.006053,0.031547
955804.500907,1951252.954304,2.010911,0.068096
955804.453550,1951253.054305,2.014947,0.035039
955804.414977,1951253.134882,2.019144,0.071079
955804.370116,1951253.227758,2.022305,0.029021
955804.323795,1951253.322920,2.024660,0.030390
955804.286345,1951253.399482,2.026251,0.023777
955804.242177,1951253.489555,2.026704,0.012757
955804.195852,1951253.584024,2.026191,0.047311
955804.150985,1951253.675766,2.024598,0.016256
955804.104416,1951253.771487,2.022344,0.002509
955804.065038,1951253.852989,2.019001,0.041482
955804.016477,1951253.954372,2.015671,0.057294
955803.975097,1951254.041642,2.011597,0.041820
955803.932610,1951254.132146,2.009502,0.019144
955803.890172,1951254.222640,2.010001,0.009076
955803.848359,1951254.311476,2.011401,0.024995
955803.806030,1951254.401090,2.012696,0.034853
955803.766252,1951254.485026,2.014055,0.002908
955803.717516,1951254.587527,2.015173,0.000748
955803.676333,1951254.673878,2.016272,0.058243
955803.637368,1951254.755380,2.017239,0.018432
955803.589265,1951254.855771,2.017972,0.020265
955803.548297,1951254.941110,2.018671,0.008165
955803.501019,1951255.039450,2.019108,0.029536
955803.460695,1951255.123244,2.019420,0.023834
955803.419009,1951255.209821,2.019551,0.003487
955803.370538,1951255.310478,2.019529,0.007529
955803.328893,1951255.396981,2.019352,0.026596
955803.285559,1951255.487049,2.019060,0.060062
955803.243721,1951255.574085,2.018639,0.002316
955803.200017,1951255.665113,2.018112,0.037263
955803.154294,1951255.760488,2.017558,0.027360
955803.118174,1951255.835951,2.016840,0.004570
955803.071808,1951255.932988,2.016175,0.007393
955803.029252,1951256.022227,2.015373,0.026697
955802.985736,1951256.113665,2.014611,0.053551
955802.946340,1951256.196613,2.013760,0.049074
955802.900840,1951256.292618,2.012963,0.024565
955802.858239,1951256.382704,2.012061,0.012751
955802.810435,1951256.484021,2.011367,0.028016
955802.772389,1951256.564791,2.010768,0.004444
955802.733317,1951256.647841,2.010281,0.021088
955802.685764,1951256.749040,2.009885,0.008423
955802.644660,1951256.836608,2.009492,0.024610
955802.601153,1951256.929375,2.009180,0.052380
955802.558414,1951257.020577,2.008896,0.016374
955802.514964,1951257.113360,2.008661,0.051328
955802.475793,1951257.197052,2.008441,0.005500
955802.431164,1951257.292456,2.008257,0.003034
955802.385998,1951257.389053,2.008095,0.012385
955802.345448,1951257.475811,2.007956,0.059724
955802.306274,1951257.559653,2.007840,0.001360
955802.265109,1951257.647779,2.007737,0.019213
955802.218501,1951257.747584,2.007657,0.032090
955802.178592,1951257.833061,2.007585,0.051849
955802.136788,1951257.922608,2.007532,0.004733
955802.089617,1951258.023666,2.007497,0.012471
955802.047608,1951258.113673,2.007473,0.052780
955802.007320,1951258.199995,2.007465,0.039409
955801.965290,1951258.290049,2.007473,0.012700
955801.925060,1951258.376244,2.007492,0.045185
955801.884915,1951258.462250,2.007527,0.001410
955801.843156,1951258.551705,2.007575,0.029132
955801.801572,1951258.640771,2.007643,0.027079
955801.755053,1951258.740387,2.007730,0.010529
955801.708871,1951258.839257,2.007831,0.029157
955801.669841,1951258.922790,2.007953,0.019917
955801.629461,1951259.009186,2.008084,0.001721
955801.589478,1951259.094701,2.008246,0.024516
955801.545023,1951259.189738,2.008430,0.029866
955801.501183,1951259.283409,2.008650,0.008292
955801.458019,1951259.375579,2.008904,0.041047
955801.414035,1951259.469436,2.009185,0.024044
955801.372434,1951259.558136,2.009508,0.020039
955801.331692,1951259.644929,2.009891,0.031595
955801.286051,1951259.742056,2.010300,0.002406
955801.245945,1951259.827302,2.010820,0.021587
955801.202860,1951259.918753,2.011204,0.006769
955801.164975,1951259.999112,2.011394,0.053533
955801.114832,1951260.105448,2.011472,0.018559
955801.073681,1951260.192691,2.011584,0.009506
955801.034698,1951260.275316,2.011725,0.032956
955800.986808,1951260.376779,2.011869,0.056728
955800.949595,1951260.455583,2.012085,0.032950
955800.902608,1951260.555033,2.012293,0.009389
955800.862367,1951260.640150,2.012560,0.012756
955800.822864,1951260.723649,2.012856,0.012393
955800.779625,1951260.814969,2.013187,0.005549
955800.737111,1951260.904675,2.013612,0.023142
955800.686694,1951261.010933,2.014034,0.009227
955800.645420,1951261.097814,2.014538,0.003727
955800.604546,1951261.183747,2.015028,0.010810
955800.563971,1951261.268939,2.015602,0.034141
955800.515327,1951261.370919,2.016150,0.014144
955800.475056,1951261.455214,2.016775,0.011517
955800.434759,1951261.539434,2.017425,0.001503
955800.386021,1951261.641128,2.018026,0.004026
955800.345313,1951261.725919,2.018697,0.028795
955800.304257,1951261.811303,2.019309,0.019513
955800.262751,1951261.897487,2.019981,0.044758
955800.211991,1951262.002707,2.020583,0.003631
955800.169137,1951262.091388,2.021235,0.053476
955800.125510,1951262.181536,2.021782,0.013723
955800.085618,1951262.263853,2.022219,0.037573
955800.045309,1951262.346963,2.022486,0.013766
955800.000194,1951262.439933,2.022719,0.001665
955799.953719,1951262.535641,2.022999,0.032668
955799.908224,1951262.629258,2.023317,0.004964
955799.863738,1951262.720723,2.023640,0.013544
955799.826166,1951262.797907,2.024028,0.017354
955799.780251,1951262.892138,2.024420,0.010480
955799.734215,1951262.986510,2.024886,0.008112
955799.688075,1951263.080982,2.025344,0.012356
955799.650148,1951263.158542,2.025880,0.008148
955799.605043,1951263.250663,2.026411,0.008710
955799.558690,1951263.345191,2.026999,0.038902
955799.515861,1951263.432398,2.027624,0.017363
955799.474195,1951263.517103,2.028297,0.006519
955799.427751,1951263.611360,2.029003,0.021509
955799.381303,1951263.705441,2.029789,0.070556
955799.334869,1951263.799306,2.030531,0.000131
955799.297979,1951263.873734,2.031407,0.017724
955799.251606,1951263.967104,2.032247,0.028599
955799.204102,1951264.062522,2.033205,0.037108
955799.159043,1951264.152804,2.034239,0.050327
955799.112885,1951264.245050,2.035201,0.031529
955799.075087,1951264.320400,2.036326,0.014102
955799.029127,1951264.411781,2.037404,0.023014
955798.983297,1951264.502630,2.038642,0.020186
955798.937613,1951264.592903,2.039913,0.020972
955798.892093,1951264.682571,2.040902,0.031293
955798.846758,1951264.771718,2.041554,0.010983
955798.801596,1951264.860393,2.042182,0.021250
955798.756588,1951264.948623,2.042865,0.053078
955798.711715,1951265.036433,2.043607,0.012427
955798.666959,1951265.123848,2.044414,0.013411
955798.621157,1951265.213122,2.045350,0.019066
955798.568586,1951265.315345,2.046277,0.009481
955798.524078,1951265.401670,2.047351,0.022338
955798.478468,1951265.489912,2.048369,0.004280
955798.435157,1951265.573488,2.049470,0.025966
955798.390706,1951265.659033,2.050612,0.016400
955798.345097,1951265.746555,2.051919,0.045952
955798.292597,1951265.846969,2.053186,0.006698
955798.248022,1951265.931936,2.054625,0.009889
955798.202223,1951266.018951,2.055984,0.067894
955798.157470,1951266.103689,2.057539,0.005050
955798.104534,1951266.203544,2.059018,0.003820
955798.058347,1951266.290324,2.060659,0.023275
955798.013156,1951266.374916,2.062212,0.007089
955797.968955,1951266.457348,2.063829,0.017438
955797.922227,1951266.544153,2.065446,0.017166
955797.876451,1951266.628849,2.067297,0.022107
955797.822160,1951266.728859,2.069036,0.049614
955797.774663,1951266.815954,2.070626,0.010772
955797.728160,1951266.900995,2.070491,0.006885
955797.681795,1951266.986070,2.069099,0.009938
955797.635572,1951267.071160,2.067945,0.019240
955797.589453,1951267.156253,2.067150,0.003300
955797.533958,1951267.258787,2.066835,0.023436
955797.487935,1951267.343844,2.066939,0.024325
955797.441894,1951267.428866,2.067469,0.035608
955797.395798,1951267.513841,2.068398,0.010001
955797.349609,1951267.598759,2.069729,0.021288
955797.303289,1951267.683607,2.071677,0.012126
955797.247241,1951267.785750,2.073850,0.016185
955797.200500,1951267.870403,2.076696,0.055664
955797.153508,1951267.954948,2.079708,0.014637
955797.106226,1951268.039376,2.083117,0.047383
955797.058616,1951268.123672,2.086973,0.059153
955797.009407,1951268.209983,2.091588,0.012273
955796.952288,1951268.309039,2.096279,0.063460
955796.903375,1951268.392840,2.101830,0.071355
955796.852703,1951268.478602,2.107208,0.051813
955796.804053,1951268.559891,2.113114,0.009414
955796.753568,1951268.643119,2.119332,0.086182
955796.701166,1951268.728258,2.125922,0.066563
955796.649428,1951268.811039,2.132882,0.124476
955796.598367,1951268.891470,2.140310,0.052137
955796.543886,1951268.975878,2.147090,0.079045
955796.490126,1951269.058026,2.150061,0.045052
955796.426512,1951269.155316,2.149713,0.003931
955796.371024,1951269.240245,2.149755,0.003017
955796.316722,1951269.323272,2.150588,0.005415
955796.262180,1951269.406451,2.152141,0.016540
955796.207354,1951269.489715,2.154415,0.003498
955796.152202,1951269.572996,2.157405,0.012896
955796.096680,1951269.656228,2.161111,0.061173
955796.040747,1951269.739344,2.165533,0.015808
955795.984359,1951269.822277,2.170673,0.086913
955795.927473,1951269.904960,2.176534,0.021103
955795.870047,1951269.987327,2.182843,0.073564
955795.816522,1951270.063018,2.189722,0.070384
955795.763975,1951270.136244,2.198167,0.095694
955795.694099,1951270.231857,2.205634,0.088844
955795.644910,1951270.297897,2.215894,0.078946
955795.584279,1951270.377799,2.225191,0.106891
955795.522859,1951270.456994,2.236107,0.135506
955795.460606,1951270.535416,2.247793,0.139809
955795.397479,1951270.612998,2.260256,0.104238
955795.333434,1951270.689673,2.273504,0.131677
955795.268428,1951270.765375,2.287548,0.110208
955795.202419,1951270.840036,2.302389,0.168566
955795.135363,1951270.913590,2.318878,0.115345
955795.060167,1951270.993324,2.336029,0.316502
955794.983655,1951271.071551,2.343632,0.126238
955794.915628,1951271.141542,2.335565,0.182795
955794.849999,1951271.210836,2.323938,0.059128
955794.784722,1951271.281177,2.314970,0.142806
955794.711595,1951271.361147,2.310002,0.003217
955794.650717,1951271.428169,2.308774,0.010420
955794.578064,1951271.507982,2.311706,0.076787
955794.517858,1951271.573408,2.320155,0.032266
955794.444739,1951271.651281,2.332711,0.180892
955794.370288,1951271.728080,2.349297,0.207006
955794.306951,1951271.790984,2.372234,0.218964
955794.228088,1951271.865792,2.394609,0.260997
955794.160032,1951271.927031,2.422224,0.184978
955794.089139,1951271.987506,2.452774,0.281317
955793.999314,1951272.059363,2.482195,0.427278
955793.920625,1951272.118134,2.515966,0.268186
955793.837702,1951272.176122,2.547493,0.337175
955793.750110,1951272.233323,2.576385,0.196422
955793.674448,1951272.279665,2.607729,0.371754
955793.579804,1951272.333998,2.633078,0.265463
955793.498474,1951272.377758,2.660691,0.204501
955793.410389,1951272.422394,2.684583,0.289849
955793.320828,1951272.465114,2.708159,0.264621
955793.226887,1951272.507319,2.730603,0.211845
955793.128345,1951272.549004,2.749785,0.172521
955793.048756,1951272.580918,2.769632,0.101129
955792.952117,1951272.617755,2.786114,0.242329
955792.854178,1951272.653158,2.801381,0.170306
955792.766125,1951272.683594,2.814683,0.066172
955792.674010,1951272.714250,2.825844,0.107812
955792.573775,1951272.746431,2.835935,0.108517
955792.469560,1951272.778765,2.844379,0.100328
955792.384382,1951272.804440,2.852343,0.069328
955792.292304,1951272.831516,2.859397,0.130899
955792.183514,1951272.862680,2.865532,0.041976
955792.091440,1951272.888420,2.871894,0.029565
955791.992497,1951272.915484,2.877338,0.053918
955791.891608,1951272.942492,2.882514,0.065639
955791.794080,1951272.968072,2.887077,0.070147
955791.710763,1951272.989540,2.891699,0.052574
955791.610511,1951273.014925,2.895912,0.025872
955791.503559,1951273.041496,2.899759,0.000278
955791.422464,1951273.061309,2.904142,0.038901
955791.313268,1951273.087550,2.907443,0.083882
955791.225112,1951273.108383,2.911491,0.004008
955791.119603,1951273.132917,2.914737,0.046806
955791.030137,1951273.153389,2.918518,0.040168
955790.923263,1951273.177457,2.921646,0.067742
955790.832809,1951273.197505,2.925307,0.056424
955790.724951,1951273.221031,2.928351,0.039703
955790.633828,1951273.240591,2.931651,0.026181
955790.542506,1951273.259907,2.934928,0.063128
955790.433896,1951273.282509,2.937911,0.011873
955790.342373,1951273.301244,2.941447,0.059715
955790.233715,1951273.323118,2.944427,0.038349
955790.142312,1951273.341209,2.947788,0.005692
955790.045374,1951273.360084,2.950982,0.077248
955789.943022,1951273.379663,2.954106,0.061937
955789.852366,1951273.396700,2.957553,0.035405
955789.750830,1951273.415439,2.960752,0.047609
955789.655457,1951273.432703,2.964401,0.093133
955789.549563,1951273.451480,2.967714,0.049383
955789.461043,1951273.466853,2.971617,0.021354
955789.356797,1951273.484565,2.975415,0.076682
955789.248207,1951273.502551,2.979204,0.079756
955789.162263,1951273.516437,2.983682,0.019889
955789.056104,1951273.533141,2.987745,0.061251
955788.956673,1951273.548319,2.992447,0.022584
955788.858738,1951273.562798,2.997365,0.108022
955788.757390,1951273.577262,3.002390,0.025655
955788.662880,1951273.590240,3.007963,0.153717
955788.565384,1951273.603074,3.013712,0.039648
955788.470058,1951273.615034,3.020473,0.057335
955788.363285,1951273.627673,3.027742,0.182275
955788.259752,1951273.639083,3.035584,0.022380
955788.172512,1951273.647973,3.045588,0.038701
955788.059095,1951273.658407,3.055311,0.184713
955787.962720,1951273.666121,3.067602,0.039013
955787.874419,1951273.672096,3.082963,0.222651
955787.759804,1951273.678033,3.097083,0.148326
955787.674000,1951273.681024,3.116481,0.130231
955787.566794,1951273.682882,3.134647,0.218968
955787.460221,1951273.682511,-3.127690,0.234861
955787.360740,1951273.680020,-3.105800,0.202059
955787.264762,1951273.675515,-3.083649,0.237768
955787.172090,1951273.669079,-3.060628,0.214004
955787.079687,1951273.660499,-3.034989,0.218549
955786.973963,1951273.647880,-3.008319,0.334846
955786.869617,1951273.632338,-2.978918,0.269070
955786.766565,1951273.613844,-2.949785,0.384734
955786.669560,1951273.593491,-2.921320,0.201584
955786.577961,1951273.571617,-2.893648,0.247107
955786.484251,1951273.546582,-2.865731,0.264168
955786.377131,1951273.514770,-2.842048,0.340532
955786.292439,1951273.487346,-2.818364,0.113816
955786.204712,1951273.457015,-2.798701,0.249421
955786.102932,1951273.419696,-2.782419,0.169841
955786.004052,1951273.381678,-2.769728,0.076272
955785.918154,1951273.347632,-2.760949,0.047203
955785.818896,1951273.307588,-2.757151,0.036570
955785.733887,1951273.273083,-2.756826,0.026289
955785.645447,1951273.237350,-2.760534,0.074510
955785.541631,1951273.196057,-2.767088,0.065966
955785.451388,1951273.161074,-2.777417,0.116190
955785.356276,1951273.125402,-2.784574,0.162847
955785.261780,1951273.090347,-2.778683,0.293063
955785.170147,1951273.054725,-2.762791,0.188839
955785.074218,1951273.015694,-2.747707,0.113122
955784.981193,1951272.976197,-2.732967,0.135532
955784.888652,1951272.935346,-2.719153,0.168442
955784.796580,1951272.893214,-2.706069,0.131463
955784.704961,1951272.849872,-2.694316,0.109256
955784.623112,1951272.810003,-2.683215,0.105911
955784.541605,1951272.769268,-2.672643,0.076663
955784.448857,1951272.721719,-2.662981,0.107142
955784.361132,1951272.675632,-2.653212,0.143613
955784.271473,1951272.627474,-2.644281,0.095419
955784.179893,1951272.577253,-2.636040,0.015196
955784.090956,1951272.527553,-2.628485,0.113272
955784.004620,1951272.478497,-2.621541,0.035009
955783.914067,1951272.426262,-2.615447,0.080471
955783.826083,1951272.374813,-2.610131,0.007033
955783.747369,1951272.328264,-2.605502,0.042684
955783.668875,1951272.281411,-2.601498,0.060623
955783.581656,1951272.228910,-2.598101,0.103650
955783.494682,1951272.176167,-2.595162,0.006752
955783.407936,1951272.123253,-2.592874,0.020988
955783.319189,1951272.068880,-2.591299,0.079948
955783.235071,1951272.017199,-2.590366,0.015529
955783.148921,1951271.964201,-2.590135,0.087284
955783.060736,1951271.909963,-2.589823,0.048312
955782.974956,1951271.857118,-2.587649,0.029332
955782.891655,1951271.805379,-2.583773,0.091269
955782.804268,1951271.750624,-2.579801,0.014187
955782.719359,1951271.696929,-2.575580,0.073581
955782.634738,1951271.642912,-2.571264,0.050656
955782.550403,1951271.588555,-2.566801,0.025710
955782.466352,1951271.533841,-2.562196,0.051432
955782.382585,1951271.478751,-2.557448,0.131929
955782.299098,1951271.423269,-2.553011,0.004029
955782.230805,1951271.377438,-2.547536,0.074497
955782.132962,1951271.311053,-2.542836,0.040470
955782.050309,1951271.254284,-2.537562,0.046460
955781.982696,1951271.207359,-2.532145,0.023054
955781.900542,1951271.149732,-2.526587,0.044497
955781.803990,1951271.081123,-2.521431,0.118682
955781.737045,1951271.032972,-2.515122,0.053739
955781.655700,1951270.973802,-2.509730,0.005730
955781.574622,1951270.914083,-2.503700,0.107835
955781.493808,1951270.853796,-2.497553,0.018291
955781.413257,1951270.792924,-2.491292,0.086409
955781.332968,1951270.731449,-2.484921,0.027754
955781.252938,1951270.669354,-2.478442,0.078368
955781.173167,1951270.606619,-2.471861,0.098762
955781.093652,1951270.543229,-2.465179,0.051953
955781.014392,1951270.479164,-2.458663,0.110670
955780.941454,1951270.419414,-2.454354,0.036108
955780.856049,1951270.349213,-2.455418,0.024215
955780.784101,1951270.290553,-2.458895,0.066931
955780.709477,1951270.230030,-2.460947,0.001951
955780.628061,1951270.164202,-2.461837,0.019676
955780.546194,1951270.098055,-2.461657,0.005437
955780.480900,1951270.045215,-2.460214,0.024413
955780.398603,1951269.978367,-2.457816,0.001840
955780.316278,1951269.911060,-2.454006,0.059879
955780.234073,1951269.843242,-2.449498,0.053107
955780.166820,1951269.787180,-2.443310,0.083903
955780.085224,1951269.718305,-2.436655,0.061337
955780.006244,1951269.650569,-2.428931,0.089530
955779.940240,1951269.593015,-2.419300,0.072502
955779.860548,1951269.522192,-2.409250,0.181539
955779.781823,1951269.450578,-2.398346,0.092145
955779.720037,1951269.393055,-2.384657,0.048749
955779.641480,1951269.318006,-2.371493,0.216240
955779.568204,1951269.245800,-2.355091,0.188345
955779.494520,1951269.170724,-2.339330,0.152928
955779.435317,1951269.108355,-2.320292,0.107873
955779.364821,1951269.031362,-2.301568,0.217263
955779.296288,1951268.953246,-2.279522,0.278477
955779.229870,1951268.873955,-2.257128,0.184057
955779.172187,1951268.801757,-2.233236,0.196923
955779.116438,1951268.728536,-2.207767,0.231444
955779.056727,1951268.645699,-2.179218,0.390631
955778.994007,1951268.552782,-2.152878,0.282515
955778.944839,1951268.475701,-2.127901,0.136665
955778.891455,1951268.388155,-2.107763,0.234768
955778.838247,1951268.296653,-2.087475,0.200100
955778.787886,1951268.205873,-2.069555,0.102688
955778.748930,1951268.132679,-2.050433,0.156892
955778.701282,1951268.039378,-2.033743,0.189591
955778.655160,1951267.944813,-2.015605,0.242728
955778.610573,1951267.849085,-1.999718,0.089544
955778.576233,1951267.772230,-1.982200,0.139085
955778.533376,1951267.672153,-1.967222,0.229015
955778.494184,1951267.576220,-1.951240,0.089470
955778.459408,1951267.487204,-1.935754,0.139998
955778.424967,1951267.395063,-1.920515,0.221118
955778.389187,1951267.294672,-1.906905,0.101039
955778.361889,1951267.214514,-1.891254,0.133274
955778.328990,1951267.113302,-1.877359,0.154885
955778.297711,1951267.011772,-1.862004,0.185946
955778.268060,1951266.910026,-1.848319,0.066906
955778.245661,1951266.829064,-1.832945,0.150953
955778.218297,1951266.724571,-1.819360,0.183976
955778.193296,1951266.622757,-1.804224,0.123369
955778.170539,1951266.523715,-1.790427,0.131720
955778.152610,1951266.440504,-1.775401,0.103211
955778.132294,1951266.339413,-1.761460,0.179364
955778.113672,1951266.238771,-1.746012,0.150568
955778.096756,1951266.138679,-1.730332,0.143075
955778.081563,1951266.039221,-1.712369,0.217038
955778.068408,1951265.939797,-1.691532,0.212703
955778.057400,1951265.840084,-1.670034,0.221712
955778.048268,1951265.737536,-1.649800,0.210545
955778.041548,1951265.639877,-1.629785,0.158456
955778.036566,1951265.539428,-1.610776,0.185863
955778.033399,1951265.436194,-1.592502,0.203095
955778.032134,1951265.335360,-1.574964,0.161709
955778.032567,1951265.236961,-1.557957,0.143726
955778.034727,1951265.133244,-1.542100,0.213143
955778.038447,1951265.032007,-1.528085,0.122625
955778.042495,1951264.951471,-1.513396,0.071951
955778.048900,1951264.850088,-1.500836,0.157622
955778.056706,1951264.748654,-1.487486,0.171652
955778.065842,1951264.647191,-1.474829,0.111109
955778.076239,1951264.545722,-1.462708,0.111262
955778.088142,1951264.441668,-1.451557,0.071095
955778.100543,1951264.342853,-1.440790,0.137717
955778.114311,1951264.241498,-1.430827,0.077784
955778.129456,1951264.137628,-1.422418,0.072202
955778.141859,1951264.057204,-1.413564,0.049782
955778.158229,1951263.956136,-1.406284,0.101649
955778.175391,1951263.855213,-1.398747,0.073302
955778.193274,1951263.754455,-1.391831,0.054735
955778.211810,1951263.653886,-1.385533,0.061608
955778.230930,1951263.553527,-1.379807,0.011701
955778.250562,1951263.453459,-1.372868,0.112585
955778.270561,1951263.355915,-1.363230,0.086233
955778.290943,1951263.261708,-1.351923,0.126990
955778.312340,1951263.168088,-1.339115,0.156335
955778.337687,1951263.063565,-1.326764,0.094167
955778.359904,1951262.977060,-1.311903,0.096553
955778.387699,1951262.874722,-1.298121,0.190280
955778.416759,1951262.773738,-1.284544,0.129202
955778.441946,1951262.690413,-1.270286,0.104647
955778.473731,1951262.589891,-1.258047,0.115774
955778.507229,1951262.488521,-1.246739,0.097880
955778.536438,1951262.403204,-1.235704,0.108623
955778.573479,1951262.298266,-1.227682,0.081344
955778.605848,1951262.208908,-1.220060,0.050951
955778.639796,1951262.117004,-1.214308,0.088548
955778.675411,1951262.022110,-1.209616,0.022038
955778.712785,1951261.923781,-1.206248,0.001065
955778.743807,1951261.842877,-1.203391,0.042075
955778.785635,1951261.734501,-1.201782,0.022405
955778.819503,1951261.647142,-1.200543,0.003770
955778.854689,1951261.556596,-1.199977,0.030747
955778.891238,1951261.462642,-1.199828,0.050648
955778.930443,1951261.361844,-1.200024,0.001551
955778.964727,1951261.273604,-1.200522,0.047289
955779.000144,1951261.182286,-1.201220,0.001082
955779.036725,1951261.087743,-1.202138,0.009895
955779.075922,1951260.986133,-1.203050,0.028183
955779.109143,1951260.899778,-1.202742,0.046079
955779.145439,1951260.805863,-1.200940,0.014835
955779.181918,1951260.712066,-1.198934,0.019369
955779.219977,1951260.614741,-1.197281,0.026466
955779.254297,1951260.527385,-1.195777,0.004364
955779.289701,1951260.437621,-1.194524,0.002178
955779.324292,1951260.350224,-1.193337,0.052970
955779.361664,1951260.256110,-1.192291,0.006627
955779.398032,1951260.164799,-1.191288,0.006409
955779.435199,1951260.071738,-1.190351,0.009957
955779.475137,1951259.972004,-1.189472,0.045295
955779.515859,1951259.870567,-1.188708,0.008303
955779.548967,1951259.788272,-1.187926,0.024036
955779.588856,1951259.689317,-1.187297,0.042809
955779.625041,1951259.599726,-1.186627,0.009639
955779.663825,1951259.503867,-1.186074,0.002746
955779.696490,1951259.423263,-1.185444,0.025411
955779.740491,1951259.314865,-1.184953,0.037053
955779.776028,1951259.227457,-1.184404,0.040132
955779.811835,1951259.139503,-1.183921,0.017795
955779.850149,1951259.045523,-1.183439,0.030127
955779.890981,1951258.945502,-1.183001,0.019693
955779.925191,1951258.861811,-1.182552,0.047987
955779.961839,1951258.772259,-1.182116,0.009069
955780.005532,1951258.665624,-1.181718,0.011721
955780.042444,1951258.575651,-1.181293,0.068889
955780.079434,1951258.485584,-1.180928,0.018314
955780.114160,1951258.401116,-1.180558,0.031034
955780.151229,1951258.311043,-1.180175,0.007761
955780.195247,1951258.204200,-1.179821,0.020432
955780.232285,1951258.114398,-1.179453,0.036777
955780.266957,1951258.030409,-1.179113,0.031418
955780.303863,1951257.941094,-1.178767,0.002025
955780.345253,1951257.841027,-1.178415,0.006666
955780.386471,1951257.741481,-1.178078,0.017592
955780.420661,1951257.658987,-1.177735,0.046793
955780.456945,1951257.571517,-1.177394,0.026684
955780.499749,1951257.468431,-1.177075,0.020156
955780.535525,1951257.382355,-1.176697,0.008741
955780.577651,1951257.281101,-1.176380,0.001850
955780.612793,1951257.196715,-1.176012,0.001895
955780.651931,1951257.102824,-1.175683,0.017562
955780.688476,1951257.015242,-1.175302,0.016226
955780.730905,1951256.913662,-1.174936,0.012311
955780.770603,1951256.818728,-1.174566,0.001772
955780.803540,1951256.740044,-1.174168,0.009847
955780.842027,1951256.648194,-1.173782,0.017597
955780.881762,1951256.553479,-1.173354,0.030997
955780.920648,1951256.460903,-1.172867,0.036958
955780.964252,1951256.357242,-1.172406,0.050881
955780.999318,1951256.273992,-1.171826,0.001604
955781.042308,1951256.172089,-1.171331,0.019645
955781.075254,1951256.094120,-1.170668,0.023051
955781.115422,1951255.999220,-1.169971,0.000758
955781.158605,1951255.897428,-1.168992,0.038528
955781.195626,1951255.810471,-1.167640,0.011292
955781.230108,1951255.729785,-1.165993,0.020450
955781.275108,1951255.624967,-1.164407,0.045670
955781.314363,1951255.534000,-1.162538,0.031151
955781.351029,1951255.449451,-1.160570,0.050989
955781.391769,1951255.356014,-1.158574,0.051792
955781.431140,1951255.266247,-1.156344,0.006745
955781.470440,1951255.177189,-1.153807,0.018987
955781.516636,1951255.073239,-1.151475,0.002821
955781.552131,1951254.993925,-1.148559,0.042557
955781.595396,1951254.897927,-1.145948,0.021805
955781.637274,1951254.805722,-1.143069,0.069544
955781.677943,1951254.716852,-1.140277,0.011358
955781.717579,1951254.630860,-1.137375,0.029587
955781.764225,1951254.530404,-1.134943,0.014404
955781.802208,1951254.449144,-1.132359,0.040043
955781.847380,1951254.353052,-1.130413,0.011749
955781.892184,1951254.258213,-1.128781,0.062914
955781.936930,1951254.163826,-1.127783,0.064683
955781.974237,1951254.085277,-1.127291,0.039236
955782.019676,1951253.989650,-1.127346,0.007742
955782.057988,1951253.908959,-1.127945,0.004446
955782.105157,1951253.809412,-1.128851,0.051207
955782.145334,1951253.724359,-1.130215,0.008502
955782.186639,1951253.636594,-1.131762,0.007232
955782.229250,1951253.545661,-1.133428,0.036058
955782.273233,1951253.451394,-1.134062,0.000000
955782.317606,1951253.356379,-1.133449,0.020524
955782.362094,1951253.261335,-1.132668,0.043727
955782.398678,1951253.183332,-1.131845,0.017973
955782.442215,1951253.090684,-1.131108,0.027687
955782.486997,1951252.995580,-1.130323,0.042249
955782.533027,1951252.898023,-1.129639,0.033980
955782.568766,1951252.822410,-1.128892,0.016943
955782.613808,1951252.727278,-1.128251,0.025654
955782.658933,1951252.632143,-1.127561,0.053813
955782.704136,1951252.537009,-1.126960,0.088337
955782.740120,1951252.461394,-1.126317,0.024983
955782.785452,1951252.366272,-1.125750,0.004250
955782.832015,1951252.268725,-1.125160,0.032338
955782.876308,1951252.176071,-1.124635,0.036047
955782.912482,1951252.100500,-1.124082,0.026719
955782.959206,1951252.003010,-1.123607,0.028950
955783.004810,1951251.907985,-1.123094,0.010031
955783.050457,1951251.812993,-1.122658,0.035256
955783.086767,1951251.737511,-1.122196,0.044171
955783.132479,1951251.642585,-1.121802,0.005329
955783.178221,1951251.547701,-1.121385,0.021143
955783.223987,1951251.452864,-1.121024,0.025928
955783.261554,1951251.375087,-1.120652,0.007177
955783.307353,1951251.280346,-1.120338,0.020234
955783.351990,1951251.188090,-1.120038,0.034875
955783.389584,1951251.110445,-1.119701,0.018157
955783.435292,1951251.016122,-1.119072,0.033615
955783.479831,1951250.924439,-1.118027,0.034284
955783.523086,1951250.835653,-1.116914,0.074853
955783.565242,1951250.749364,-1.115726,0.007270
955783.614847,1951250.648126,-1.114700,0.022741
955783.655233,1951250.565930,-1.113560,0.024361
955783.703248,1951250.468454,-1.112712,0.000104
955783.742763,1951250.388408,-1.111834,0.016462
955783.790270,1951250.292351,-1.111241,0.030627
955783.829814,1951250.212511,-1.110701,0.025654
955783.877897,1951250.115530,-1.110388,0.009329
955783.926752,1951250.017055,-1.110230,0.000545
955783.968110,1951249.933706,-1.110236,0.027631
955784.010407,1951249.848446,-1.110375,0.010396
955784.053829,1951249.760875,-1.110629,0.019982
955784.098560,1951249.670595,-1.110983,0.030846
955784.144786,1951249.577204,-1.111425,0.031503
955784.192690,1951249.480304,-1.111888,0.005727
955784.233381,1951249.397894,-1.112394,0.021458
955784.274093,1951249.315341,-1.112947,0.041680
955784.325872,1951249.210200,-1.113432,0.027237
955784.365438,1951249.129745,-1.113992,0.010292
955784.406281,1951249.046593,-1.114510,0.024245
955784.453070,1951248.951207,-1.115035,0.000889
955784.501601,1951248.852133,-1.115517,0.034877
955784.538787,1951248.776126,-1.116045,0.043380
955784.585475,1951248.680587,-1.116434,0.040596
955784.632169,1951248.584945,-1.116536,0.035952
955784.673763,1951248.499787,-1.116344,0.053394
955784.718931,1951248.407357,-1.116175,0.029391
955784.763821,1951248.315532,-1.116042,0.001320
955784.804064,1951248.233237,-1.115938,0.009751
955784.845373,1951248.148780,-1.115858,0.043612
955784.894123,1951248.049128,-1.115802,0.058035
955784.935341,1951247.964884,-1.115757,0.021799
955784.979597,1951247.874436,-1.115734,0.032707
955785.022415,1951247.786931,-1.115723,0.032628
955785.068249,1951247.693264,-1.115725,0.010677
955785.114810,1951247.598109,-1.115739,0.029830
955785.159666,1951247.506436,-1.115762,0.022657
955785.197873,1951247.428345,-1.115798,0.040145
955785.243717,1951247.334634,-1.115840,0.038856
955785.290031,1951247.239953,-1.115889,0.018471
955785.329360,1951247.159539,-1.115956,0.044826
955785.378897,1951247.058236,-1.116019,0.005244
955785.418793,1951246.976634,-1.116104,0.003127
955785.466434,1951246.879172,-1.116182,0.016395
955785.506742,1951246.796692,-1.116284,0.008229
955785.554790,1951246.698348,-1.116375,0.042120
955785.592834,1951246.620462,-1.116500,0.027451
955785.643666,1951246.516363,-1.116607,0.014489
955785.684386,1951246.432945,-1.116741,0.032642
955785.725123,1951246.349466,-1.116880,0.040721
955785.773481,1951246.250334,-1.117017,0.000163
955785.814155,1951246.166920,-1.117190,0.010636
955785.862357,1951246.068026,-1.117347,0.031152
955785.902832,1951245.984950,-1.117544,0.009050
955785.950716,1951245.886619,-1.117720,0.005767
955785.990854,1951245.804153,-1.117926,0.036842
955786.030792,1951245.722056,-1.118145,0.011802
955786.077920,1951245.625125,-1.118371,0.009658
955786.122227,1951245.533938,-1.118626,0.012133
955786.163731,1951245.448464,-1.118912,0.006653
955786.212086,1951245.348807,-1.119202,0.013632
955786.257502,1951245.255131,-1.119511,0.010883
955786.295317,1951245.177070,-1.119869,0.004980
955786.341987,1951245.080648,-1.120213,0.059575
955786.385659,1951244.990327,-1.120635,0.011968
955786.430876,1951244.896709,-1.121064,0.041456
955786.473068,1951244.809253,-1.121540,0.002023
955786.514465,1951244.723339,-1.122054,0.054230
955786.557129,1951244.634672,-1.122611,0.007197
955786.598804,1951244.547931,-1.123278,0.039509
955786.645434,1951244.450703,-1.123957,0.033171
955786.684792,1951244.368477,-1.124816,0.007929
955786.728608,1951244.276737,-1.125708,0.023975
955786.770798,1951244.188176,-1.126893,0.016855
955786.819839,1951244.084898,-1.128073,0.003430
955786.856491,1951244.007431,-1.129811,0.032226
955786.902626,1951243.909496,-1.131495,0.009006
955786.943858,1951243.821516,-1.133653,0.045969
955786.989238,1951243.724149,-1.135676,0.008870
955787.028504,1951243.639416,-1.138002,0.006733
955787.070160,1951243.548997,-1.140402,0.020945
955787.115014,1951243.450981,-1.142798,0.014402
955787.152923,1951243.367579,-1.145407,0.063615
955787.190371,1951243.284651,-1.148125,0.006997
955787.233850,1951243.187654,-1.150818,0.052371
955787.274108,1951243.097130,-1.153798,0.027645
955787.314437,1951243.005734,-1.156861,0.066667
955787.359419,1951242.902942,-1.159512,0.018017
955787.394109,1951242.823067,-1.162420,0.066393
955787.436084,1951242.725764,-1.164608,0.039927
955787.474690,1951242.635717,-1.166592,0.070969
955787.512834,1951242.546341,-1.167968,0.005635
955787.556255,1951242.444309,-1.168531,0.016437
955787.592712,1951242.358599,-1.168293,0.026747
955787.628931,1951242.273607,-1.167092,0.029467
955787.670693,1951242.176045,-1.164962,0.013995
955787.713902,1951242.075856,-1.162062,0.027555
955787.751774,1951241.988845,-1.158395,0.011577
955787.790879,1951241.899903,-1.154456,0.060214
955787.831558,1951241.808414,-1.150733,0.061092
955787.873658,1951241.714566,-1.149281,0.029659
955787.914814,1951241.622738,-1.149713,0.004165
955787.957545,1951241.527266,-1.150108,0.026825
955787.998260,1951241.436222,-1.150340,0.015380
955788.039590,1951241.343769,-1.150388,0.003808
955788.080615,1951241.252010,-1.150253,0.005011
955788.121301,1951241.161062,-1.149931,0.002266
955788.161618,1951241.071043,-1.149413,0.012188
955788.201531,1951240.982070,-1.148700,0.022476
955788.240175,1951240.896117,-1.147754,0.018555
955788.280021,1951240.807735,-1.146503,0.013530
955788.324224,1951240.710057,-1.145069,0.033102
955788.362122,1951240.626683,-1.143091,0.023107
955788.405744,1951240.531224,-1.140910,0.059496
955788.447765,1951240.439885,-1.138127,0.012071
955788.489689,1951240.349468,-1.134660,0.043519
955788.535827,1951240.250939,-1.131087,0.035979
955788.570683,1951240.177296,-1.126047,0.050657
955788.614531,1951240.085801,-1.120270,0.002058
955788.662389,1951239.987709,-1.102811,0.331297
955788.711936,1951239.893079,-1.071994,0.425585
955788.759288,1951239.809822,-1.040567,0.253185
955788.807528,1951239.730009,-1.016609,0.121071
955788.857319,1951239.651417,-0.996644,0.218951
955788.918697,1951239.558141,-0.983267,0.110747
955788.978169,1951239.469952,-0.976437,0.053264
955789.034701,1951239.386506,-0.979590,0.095191
955789.084520,1951239.311525,-0.998661,0.133732
955789.135844,1951239.229439,-1.060876,0.270733
955789.187016,1951239.128230,-1.263129,3.657369
955789.194273,1951239.045561,-2.253988,44.678163
955789.105749,1951239.028092,3.095174,5.314008
955788.996196,1951239.054682,2.863270,0.112941
955788.901131,1951239.086544,2.800696,0.011205
955788.817961,1951239.117906,2.766526,0.185818
955788.711162,1951239.161331,2.747019,0.244749
955788.626237,1951239.197739,2.730139,0.057841
955788.542621,1951239.234875,2.717431,0.126947
955788.446621,1951239.278848,2.706418,0.161918
955788.348430,1951239.325152,2.695930,0.200933
955788.261269,1951239.367390,-2.026280,301.603970
